# lane=block seed=2001 blocks=46 restart=0 iteration=150924 uncovered=46 concentration=312 replication_cost=528 hash=12465067380469786810
1 2 6 8 20 33 41 44
1 3 13 25 26 40 42 46
1 4 16 24 26 30 43 47
1 5 7 15 18 28 39 48
1 9 10 14 17 31 36 39
1 11 13 16 19 21 27 38
1 12 22 23 29 32 34 37
2 3 12 15 24 31 32 38
2 4 5 9 11 35 37 40
2 6 21 37 38 43 46 48
2 7 18 26 27 29 36 45
2 9 13 14 33 34 38 47
2 10 19 23 28 30 37 42
2 11 16 17 20 22 25 39
3 4 10 20 34 38 45 48
3 5 6 17 23 27 43 47
3 6 11 14 26 28 31 35
3 7 8 9 18 21 25 30
3 13 29 30 35 38 39 41
3 16 22 33 35 36 37 44
4 5 12 14 21 36 41 42
4 6 7 17 18 19 32 44
4 6 10 13 15 22 43 44
4 8 23 28 36 38 40 47
4 23 25 27 29 31 33 46
5 6 19 24 25 34 36 48
5 7 18 22 26 33 38 42
5 8 10 14 16 32 45 46
5 20 29 30 31 42 44 47
6 9 15 16 23 29 42 48
6 12 19 30 33 39 40 45
7 10 11 12 18 35 46 47
7 13 14 18 20 23 24 37
7 16 18 31 34 40 41 43
8 11 14 15 19 29 33 43
8 12 13 17 26 31 37 48
8 24 27 34 35 39 42 43
9 12 20 25 27 28 32 43
9 22 24 28 41 44 45 46
10 15 25 27 37 41 45 47
10 17 21 24 28 29 33 40
11 15 17 30 32 34 36 46
11 17 32 35 41 42 45 48
14 22 27 30 40 44 47 48
15 19 20 21 22 26 31 35
21 23 26 32 34 39 44 47
