# lane=block seed=4101 blocks=45 restart=0 iteration=204268 uncovered=30 concentration=430 replication_cost=576 hash=8847345095096398686
1 2 12 17 18 25 40 41
1 3 4 5 11 14 27 28
1 3 10 21 30 35 43 48
1 6 8 24 29 36 37 39
1 7 16 32 33 34 44 45
1 9 11 18 23 26 38 47
1 13 15 19 20 22 42 46
2 3 10 20 24 26 31 34
2 4 15 21 26 27 33 41
2 5 22 23 24 43 44 47
2 7 8 11 13 30 39 42
2 9 16 19 28 32 38 48
2 14 35 36 37 38 41 45
3 4 7 15 16 18 24 32
3 4 8 23 39 41 46 47
3 5 12 13 19 26 42 45
3 6 15 29 35 38 40 44
3 9 22 25 27 33 36 37
4 6 11 19 29 31 33 43
4 9 13 17 31 35 44 46
4 10 11 21 22 40 44 45
4 12 20 27 30 36 37 44
4 13 25 27 34 38 42 43
5 6 7 9 20 21 25 29
5 8 16 27 31 32 39 40
5 10 14 18 30 33 38 46
5 11 15 17 34 36 37 48
6 10 13 28 29 41 42 44
6 12 14 21 23 29 34 47
6 16 17 22 26 29 30 32
6 18 24 27 29 45 46 48
7 10 17 19 23 27 35 47
7 12 14 22 31 38 41 48
7 26 28 36 37 40 43 46
8 9 10 12 15 39 43 45
8 14 19 25 26 39 44 48
8 17 21 24 28 33 38 39
8 18 20 22 28 34 35 39
9 14 19 24 30 34 40 41
10 13 16 23 32 36 37 47
11 12 16 24 25 32 35 46
13 18 19 21 31 36 37 42
13 20 23 33 40 42 47 48
14 16 17 20 32 41 42 43
15 23 25 28 30 31 45 47
