# lane=block seed=4201 blocks=44 restart=0 iteration=60390 uncovered=43 concentration=419 replication_cost=384 hash=422711196059973857
1 2 11 13 18 23 35 41
1 3 6 11 25 28 29 46
1 4 11 14 32 36 42 46
1 5 11 19 30 38 40 45
1 7 9 11 15 16 39 48
1 8 11 20 26 31 43 44
1 10 11 12 17 37 42 47
1 11 21 22 24 27 33 34
2 3 4 12 15 30 31 39
2 5 8 9 24 25 42 43
2 6 8 10 27 36 38 48
2 14 16 17 24 32 40 44
2 19 20 22 28 29 33 47
2 23 26 34 35 37 45 46
3 5 7 17 18 20 26 36
3 6 9 12 13 20 34 40
3 8 14 22 32 33 45 47
3 10 19 21 37 41 43 44
3 16 20 21 23 35 38 42
4 7 8 23 35 40 41 47
4 7 24 28 29 37 38 43
4 9 14 18 21 27 32 44
4 10 16 18 22 25 26 33
4 13 17 19 34 43 45 48
5 6 13 16 27 31 37 47
5 7 10 14 19 31 32 34
5 8 15 17 21 28 29 39
5 12 22 23 33 35 44 48
6 7 13 22 30 33 42 44
6 14 15 23 32 35 39 43
6 15 19 26 27 39 41 42
7 12 21 25 27 40 45 46
8 12 16 18 19 30 43 46
9 10 23 27 28 29 30 35
9 17 22 31 33 38 41 46
9 21 24 26 30 36 47 48
10 13 15 20 24 39 45 46
12 13 14 26 28 29 32 38
14 20 25 30 32 37 41 48
15 18 25 34 38 39 44 47
15 22 33 36 37 39 40 43
16 28 29 34 36 41 44 45
17 19 23 24 25 31 35 36
18 28 29 31 40 42 45 48
