# lane=block seed=3002 blocks=46 restart=0 iteration=60718 uncovered=22 concentration=520 replication_cost=384 hash=10773144952172826419
1 2 12 19 34 35 37 45
1 3 29 30 33 40 42 46
1 4 9 18 19 25 31 38
1 5 8 13 21 33 44 47
1 6 10 22 25 27 35 38
1 7 11 20 25 28 39 48
1 11 14 15 20 24 32 36
1 16 17 23 26 37 41 43
2 3 14 18 24 26 40 44
2 4 6 27 28 30 46 48
2 5 16 23 29 38 39 42
2 8 11 17 20 27 31 38
2 9 10 13 22 32 41 43
2 10 15 25 33 36 37 47
3 4 10 15 17 35 39 40
3 5 25 27 40 41 43 45
3 6 7 13 21 31 37 40
3 8 12 28 32 38 40 48
3 9 11 20 30 34 40 47
3 16 19 22 23 30 36 40
4 5 11 20 22 32 37 44
4 7 9 26 36 38 45 46
4 8 13 25 26 29 34 42
4 12 14 16 21 23 24 25
4 14 24 28 41 43 47 48
5 6 17 18 28 34 36 48
5 7 8 10 14 19 24 35
5 10 12 15 26 30 31 46
6 8 9 15 16 22 23 45
6 9 14 24 27 29 37 42
6 11 12 19 20 33 41 43
6 19 26 27 32 39 45 47
7 12 17 18 22 29 42 47
7 15 21 34 38 41 43 44
7 16 18 23 27 32 33 34
8 18 30 37 39 41 43 46
9 12 13 21 27 36 39 44
9 21 22 26 28 33 35 48
10 11 18 20 21 29 42 45
10 16 23 28 31 44 45 48
11 13 16 20 23 35 46 47
13 14 17 24 30 33 38 45
13 15 18 19 28 29 42 48
14 22 24 31 33 34 39 46
17 19 21 25 30 32 44 46
29 31 32 35 36 41 42 43
