# lane=block seed=3004 blocks=46 restart=0 iteration=50678 uncovered=19 concentration=423 replication_cost=384 hash=15133232370029223823
1 2 3 21 35 40 41 43
1 3 9 28 33 37 42 48
1 4 5 7 12 18 23 34
1 4 15 21 24 26 27 39
1 6 8 11 14 17 19 46
1 10 16 20 25 32 36 44
1 11 13 22 31 37 38 47
1 13 23 24 28 30 45 47
2 4 12 13 19 36 42 47
2 5 8 25 27 28 38 42
2 6 7 16 24 37 39 46
2 9 11 15 21 23 26 44
2 10 17 22 29 30 34 45
2 14 18 20 31 32 33 48
3 4 5 6 22 44 46 48
3 7 9 15 17 25 29 31
3 7 11 14 27 30 36 45
3 8 13 16 18 26 29 47
3 10 12 14 23 24 25 37
3 19 20 26 32 34 38 39
4 8 15 20 30 32 37 45
4 9 10 14 16 35 38 40
4 11 25 29 33 39 41 43
5 10 13 14 15 39 47 48
5 11 12 17 20 24 32 35
5 16 19 21 30 31 33 45
5 17 26 36 37 40 41 43
6 9 15 28 33 34 36 46
6 10 12 26 27 31 33 46
6 13 21 25 34 35 46 47
6 18 30 38 41 43 45 46
6 20 23 29 32 40 42 46
7 8 10 19 23 41 43 48
7 13 17 33 38 40 44 47
7 14 20 21 22 26 28 32
7 25 26 30 35 42 45 48
8 9 12 30 39 40 44 45
8 12 21 24 29 36 38 48
8 22 23 31 33 35 36 39
9 13 20 27 32 41 43 47
9 15 18 19 22 24 25 40
10 11 17 18 21 28 39 42
11 16 17 23 27 34 40 48
12 15 16 22 28 41 42 43
14 24 31 34 41 42 43 44
18 19 27 28 29 35 37 44
