# lane=block seed=3005 blocks=46 restart=0 iteration=81416 uncovered=17 concentration=461 replication_cost=456 hash=6476258196291291484
1 2 4 13 22 23 24 47
1 3 7 9 11 33 40 41
1 5 16 18 43 44 45 46
1 6 20 21 30 32 34 43
1 8 12 19 27 28 29 38
1 10 14 15 17 25 31 35
1 18 26 36 37 39 44 48
2 3 14 19 22 32 37 45
2 5 7 12 31 33 39 48
2 6 11 15 26 38 43 46
2 8 9 10 18 20 27 44
2 16 21 25 28 34 35 40
2 17 29 30 36 41 42 45
3 4 6 18 25 29 35 44
3 5 10 24 28 36 38 47
3 8 16 17 24 39 47 48
3 10 12 13 21 34 42 46
3 23 26 27 30 31 42 43
4 5 9 17 19 21 26 34
4 7 19 25 27 33 35 46
4 8 14 28 37 41 43 46
4 10 12 15 30 37 40 45
4 11 13 16 19 20 31 36
4 32 38 39 40 42 46 48
5 8 11 22 25 30 35 42
5 13 15 16 27 32 37 41
5 14 20 23 29 36 40 46
6 7 24 27 33 43 45 47
6 8 13 26 28 31 40 45
6 9 12 14 16 23 37 42
6 10 19 23 39 41 43 48
6 12 17 22 27 36 40 43
7 8 15 21 23 33 34 36
7 10 16 22 26 29 32 33
7 13 14 18 30 33 38 44
7 17 20 28 33 37 38 42
9 13 25 29 35 39 43 48
9 14 24 30 31 32 46 47
9 15 20 22 28 30 39 48
9 23 25 32 35 36 38 45
11 12 17 18 23 28 32 44
11 14 21 27 34 39 45 48
11 21 24 29 31 34 37 47
12 20 24 25 26 35 41 47
15 18 19 24 40 42 44 47
18 21 22 31 34 38 41 44
