# lane=block seed=3003 blocks=46 restart=0 iteration=221935 uncovered=22 concentration=504 replication_cost=528 hash=16278772474125301905
1 2 15 23 32 37 42 46
1 3 4 8 18 30 36 38
1 3 7 10 17 20 39 43
1 4 11 14 19 23 41 44
1 5 13 15 28 33 40 44
1 6 12 17 25 34 38 41
1 9 16 24 29 31 40 47
1 21 26 27 35 41 45 48
2 3 11 12 29 40 47 48
2 4 5 7 18 21 22 34
2 6 9 10 20 21 30 44
2 6 13 14 17 19 24 36
2 8 16 25 31 39 41 44
2 9 26 28 33 38 43 45
3 5 6 7 16 23 27 31
3 8 9 14 15 19 22 27
3 13 26 34 42 44 45 46
3 21 24 28 32 33 37 41
4 6 8 17 28 33 46 48
4 10 13 15 20 24 25 27
4 12 16 26 31 32 37 45
4 14 19 29 34 35 42 47
5 7 8 11 24 26 42 45
5 7 9 12 13 15 38 41
5 10 20 29 36 41 46 47
5 14 19 25 32 37 43 48
5 15 16 17 30 31 35 46
6 11 13 22 30 32 37 39
6 15 18 26 29 39 45 47
6 18 27 30 40 41 42 43
7 9 32 35 36 37 44 48
7 14 19 21 38 39 40 46
7 22 25 28 29 30 33 47
8 10 18 20 32 34 37 40
8 12 13 21 23 29 43 47
9 11 17 18 21 25 42 46
9 18 23 24 30 34 39 48
10 11 20 23 28 33 35 38
10 12 14 19 20 26 30 45
10 16 20 22 31 38 42 48
11 15 16 21 31 34 36 43
12 18 22 24 35 43 44 46
12 27 28 33 34 36 39 42
13 14 16 18 19 28 31 33
17 22 23 25 26 36 40 45
17 27 29 32 37 38 44 47
