# lane=block seed=3802 blocks=46 restart=0 iteration=179097 uncovered=19 concentration=281 replication_cost=600 hash=2979703704620102416
1 3 4 5 7 13 28 48
1 6 14 27 32 39 40 42
1 8 15 16 18 27 30 38
1 9 17 20 21 29 44 45
1 10 11 34 36 41 43 45
1 12 23 24 26 33 35 37
1 19 22 24 25 41 46 47
2 3 6 12 21 24 34 38
2 4 17 18 31 39 40 41
2 5 14 23 25 29 36 38
2 7 8 11 19 21 32 33
2 9 11 12 13 26 27 47
2 10 15 16 24 44 45 48
2 11 20 22 28 30 35 42
3 5 20 27 33 36 41 44
3 8 9 25 31 32 35 43
3 10 14 21 26 30 39 46
3 11 16 17 29 37 40 47
3 13 15 18 19 23 42 45
4 6 8 10 20 23 28 47
4 7 12 15 22 29 31 36
4 9 11 14 24 31 38 42
4 9 16 28 33 34 42 46
4 19 26 28 38 40 43 44
4 21 25 27 28 37 45 48
5 6 16 22 26 31 32 45
5 8 12 24 30 40 45 46
5 9 11 15 23 25 33 39
5 10 17 19 27 29 34 35
5 15 18 21 37 42 43 47
6 7 9 19 30 36 37 41
6 11 15 18 35 44 46 48
6 13 17 25 29 30 33 43
7 10 12 16 18 25 42 44
7 14 33 35 38 39 45 47
7 15 18 20 25 26 34 40
7 17 22 23 24 27 43 46
8 13 14 22 34 37 39 44
8 17 26 29 36 41 42 48
9 10 18 22 33 38 40 48
10 13 20 31 32 37 38 46
12 14 15 17 28 32 38 41
12 14 16 19 20 39 43 48
13 16 21 23 35 36 40 41
18 24 28 29 32 36 39 46
23 30 31 32 34 44 47 48
