# lane=block seed=3801 blocks=46 restart=0 iteration=338109 uncovered=21 concentration=283 replication_cost=456 hash=16489510806379199396
1 2 13 19 21 22 36 44
1 3 5 9 19 30 34 43
1 4 15 25 27 32 42 45
1 5 6 7 14 26 46 48
1 8 11 23 28 29 31 39
1 9 16 17 18 35 38 40
1 10 12 24 33 37 41 47
2 3 8 17 26 33 35 45
2 4 6 11 30 34 37 40
2 5 12 14 16 29 32 46
2 6 10 23 25 32 38 43
2 7 18 22 27 29 43 47
2 9 15 25 31 39 41 48
2 20 24 26 28 34 42 46
3 4 7 24 31 32 39 44
3 6 16 21 22 27 28 41
3 9 14 25 29 36 37 42
3 10 11 12 13 18 38 48
3 15 19 20 23 40 46 47
4 5 13 17 25 28 35 47
4 8 9 10 22 24 45 46
4 8 12 14 20 21 41 43
4 16 23 27 33 34 36 48
4 18 19 26 29 30 38 41
5 6 8 15 18 24 36 44
5 10 20 27 31 36 39 40
5 11 15 22 33 38 42 43
5 18 21 23 37 41 42 45
6 9 13 20 29 33 44 45
6 12 17 19 31 35 39 42
7 8 13 32 34 40 41 42
7 9 12 15 28 30 36 45
7 10 15 17 21 29 34 35
7 11 16 19 20 24 25 45
8 10 16 30 42 44 47 48
8 19 27 28 37 38 44 46
9 11 21 26 27 32 36 47
10 14 18 19 28 32 33 40
11 17 35 36 41 43 44 46
12 22 23 25 26 34 40 44
13 14 17 23 24 27 30 35
13 15 16 26 31 37 39 43
14 22 31 34 38 39 45 47
17 20 22 30 32 35 37 48
18 21 25 30 31 33 39 46
21 24 28 29 40 43 45 48
