# Z_8 structured candidate: five length-8 orbits, one length-4, one length-2
# uncovered_pairs=64 square_excess=296 maximum_multiplicity=3
1 2 6 21 23 26 40 47
1 3 9 13 16 30 38 47
1 4 5 18 24 29 35 42
1 4 10 22 28 37 43 44
1 5 8 20 22 25 39 46
1 5 12 16 27 28 31 32
1 6 15 19 25 34 41 48
1 7 11 14 15 28 36 45
2 3 7 22 24 27 33 48
2 4 9 10 14 31 39 48
2 5 6 17 19 30 36 43
2 5 11 23 29 38 44 45
2 6 9 13 25 28 29 32
2 7 16 20 26 35 41 42
2 8 12 15 16 29 37 46
3 4 8 17 23 28 34 41
3 5 10 11 15 32 40 41
3 6 7 18 20 31 37 44
3 6 12 24 30 39 45 46
3 7 10 14 25 26 29 30
3 8 9 21 27 36 42 43
4 6 11 12 16 25 33 42
4 7 8 19 21 32 38 45
4 7 13 17 31 40 46 47
4 8 11 15 26 27 30 31
5 7 9 12 13 26 34 43
5 8 14 18 32 33 47 48
6 8 10 13 14 27 35 44
9 11 18 21 22 30 41 46
9 15 19 20 24 28 44 47
9 23 30 33 35 37 40 45
10 12 19 22 23 31 42 47
10 16 17 20 21 29 45 48
10 24 31 33 34 36 38 46
11 13 20 23 24 32 43 48
11 17 32 34 35 37 39 47
12 14 17 21 24 25 41 44
12 18 25 35 36 38 40 48
13 15 17 18 22 26 42 45
13 19 26 33 36 37 39 41
14 16 18 19 23 27 43 46
14 20 27 34 37 38 40 42
15 21 28 33 35 38 39 43
16 22 29 34 36 39 40 44
25 27 29 31 41 43 45 47
26 28 30 32 42 44 46 48
