1 3 11 16 17 37 40 47
1 4 11 13 15 23 28 29
1 6 7 27 30 37 39 41
1 8 10 12 20 25 26 46
1 21 24 31 33 35 43 48
2 3 23 26 33 35 37 45
2 4 12 17 18 38 41 48
2 5 12 14 16 24 29 30
2 7 8 28 31 38 40 42
2 9 11 13 21 26 27 47
2 10 15 16 36 39 46 48
3 4 24 27 34 36 38 46
3 5 7 15 20 21 41 44
3 6 13 15 17 25 30 31
3 8 9 29 32 39 41 43
3 10 12 14 22 27 28 48
4 5 25 28 35 37 39 47
4 6 8 16 21 22 42 45
4 7 14 16 18 26 31 32
4 9 10 30 33 40 42 44
5 6 26 29 36 38 40 48
5 7 9 17 22 23 43 46
5 8 15 17 19 27 32 33
5 10 11 31 34 41 43 45
6 8 10 18 23 24 44 47
6 9 16 18 20 28 33 34
6 11 12 32 35 42 44 46
7 9 11 19 24 25 45 48
7 10 17 19 21 29 34 35
7 12 13 33 36 43 45 47
8 11 18 20 22 30 35 36
8 13 14 34 37 44 46 48
9 12 19 21 23 31 36 37
10 13 20 22 24 32 37 38
11 14 21 23 25 33 38 39
12 15 22 24 26 34 39 40
13 16 23 25 27 35 40 41
14 17 24 26 28 36 41 42
15 18 25 27 29 37 42 43
16 19 26 28 30 38 43 44
17 20 27 29 31 39 44 45
18 21 28 30 32 40 45 46
19 22 29 31 33 41 46 47
20 23 30 32 34 42 47 48
