1 4 6 24 30 40 41 45
1 5 8 10 28 34 44 45
1 5 9 12 14 32 38 48
1 7 17 18 22 26 29 31
1 11 12 16 20 23 25 43
1 19 25 35 36 40 44 47
2 3 7 11 14 16 34 40
2 4 22 28 38 39 43 47
2 5 7 25 31 41 42 46
2 6 9 11 29 35 45 46
2 8 18 19 23 27 30 32
2 12 13 17 21 24 26 44
2 20 26 36 37 41 45 48
3 4 8 12 15 17 35 41
3 5 23 29 39 40 44 48
3 6 8 26 32 42 43 47
3 7 10 12 30 36 46 47
3 9 19 20 24 28 31 33
3 13 14 18 22 25 27 45
4 5 9 13 16 18 36 42
4 7 9 27 33 43 44 48
4 8 11 13 31 37 47 48
4 10 20 21 25 29 32 34
4 14 15 19 23 26 28 46
5 6 10 14 17 19 37 43
5 11 21 22 26 30 33 35
5 15 16 20 24 27 29 47
6 7 11 15 18 20 38 44
6 12 22 23 27 31 34 36
6 16 17 21 25 28 30 48
7 8 12 16 19 21 39 45
7 13 23 24 28 32 35 37
8 9 13 17 20 22 40 46
8 14 24 25 29 33 36 38
9 10 14 18 21 23 41 47
9 15 25 26 30 34 37 39
10 11 15 19 22 24 42 48
10 16 26 27 31 35 38 40
11 17 27 28 32 36 39 41
12 18 28 29 33 37 40 42
13 19 29 30 34 38 41 43
14 20 30 31 35 39 42 44
15 21 31 32 36 40 43 45
16 22 32 33 37 41 44 46
17 23 33 34 38 42 45 47
18 24 34 35 39 43 46 48
