1 2 13 18 27 42 46 48
1 3 4 5 16 21 30 45
1 6 15 30 34 36 37 38
1 10 25 29 31 32 33 44
1 12 17 26 41 45 47 48
1 16 20 22 23 24 35 40
2 3 4 15 20 29 44 48
2 4 5 6 17 22 31 46
2 6 8 9 10 21 26 35
2 7 16 31 35 37 38 39
2 11 26 30 32 33 34 45
2 17 21 23 24 25 36 41
3 5 6 7 18 23 32 47
3 7 9 10 11 22 27 36
3 8 17 32 36 38 39 40
3 12 27 31 33 34 35 46
3 18 22 24 25 26 37 42
4 6 7 8 19 24 33 48
4 8 10 11 12 23 28 37
4 9 18 33 37 39 40 41
4 13 28 32 34 35 36 47
4 19 23 25 26 27 38 43
5 9 11 12 13 24 29 38
5 10 19 34 38 40 41 42
5 14 29 33 35 36 37 48
5 20 24 26 27 28 39 44
6 10 12 13 14 25 30 39
6 11 20 35 39 41 42 43
6 21 25 27 28 29 40 45
7 11 13 14 15 26 31 40
7 12 21 36 40 42 43 44
7 22 26 28 29 30 41 46
8 12 14 15 16 27 32 41
8 13 22 37 41 43 44 45
8 23 27 29 30 31 42 47
9 13 15 16 17 28 33 42
9 14 23 38 42 44 45 46
9 24 28 30 31 32 43 48
10 14 16 17 18 29 34 43
10 15 24 39 43 45 46 47
11 15 17 18 19 30 35 44
11 16 25 40 44 46 47 48
12 16 18 19 20 31 36 45
13 17 19 20 21 32 37 46
14 18 20 21 22 33 38 47
15 19 21 22 23 34 39 48
