1 4 13 17 19 24 27 48
1 4 25 26 29 38 42 44
1 5 7 12 15 36 37 40
1 6 9 30 31 34 43 47
1 10 14 16 21 24 45 46
1 22 23 26 35 39 41 46
2 3 6 15 19 21 26 29
2 4 9 12 33 34 37 46
2 5 26 27 30 39 43 45
2 6 8 13 16 37 38 41
2 7 10 31 32 35 44 48
2 11 15 17 22 25 46 47
2 23 24 27 36 40 42 47
3 4 7 16 20 22 27 30
3 5 10 13 34 35 38 47
3 6 27 28 31 40 44 46
3 7 9 14 17 38 39 42
3 12 16 18 23 26 47 48
3 24 25 28 37 41 43 48
4 5 8 17 21 23 28 31
4 6 11 14 35 36 39 48
4 7 28 29 32 41 45 47
4 8 10 15 18 39 40 43
5 6 9 18 22 24 29 32
5 8 29 30 33 42 46 48
5 9 11 16 19 40 41 44
6 7 10 19 23 25 30 33
6 10 12 17 20 41 42 45
7 8 11 20 24 26 31 34
7 11 13 18 21 42 43 46
8 9 12 21 25 27 32 35
8 12 14 19 22 43 44 47
9 10 13 22 26 28 33 36
9 13 15 20 23 44 45 48
10 11 14 23 27 29 34 37
11 12 15 24 28 30 35 38
12 13 16 25 29 31 36 39
13 14 17 26 30 32 37 40
14 15 18 27 31 33 38 41
15 16 19 28 32 34 39 42
16 17 20 29 33 35 40 43
17 18 21 30 34 36 41 44
18 19 22 31 35 37 42 45
19 20 23 32 36 38 43 46
20 21 24 33 37 39 44 47
21 22 25 34 38 40 45 48
