1 3 18 25 27 30 31 41
1 4 5 15 23 25 40 47
1 8 10 13 14 24 32 34
1 9 11 26 33 35 38 39
1 11 19 21 36 43 45 48
1 16 23 25 28 29 39 47
2 3 13 21 23 38 45 47
2 4 7 8 18 26 28 43
2 4 19 26 28 31 32 42
2 5 6 16 24 26 41 48
2 9 11 14 15 25 33 35
2 10 12 27 34 36 39 40
2 17 24 26 29 30 40 48
3 4 14 22 24 39 46 48
3 5 8 9 19 27 29 44
3 5 20 27 29 32 33 43
3 10 12 15 16 26 34 36
3 11 13 28 35 37 40 41
4 6 9 10 20 28 30 45
4 6 21 28 30 33 34 44
4 11 13 16 17 27 35 37
4 12 14 29 36 38 41 42
5 7 10 11 21 29 31 46
5 7 22 29 31 34 35 45
5 12 14 17 18 28 36 38
5 13 15 30 37 39 42 43
6 8 11 12 22 30 32 47
6 8 23 30 32 35 36 46
6 13 15 18 19 29 37 39
6 14 16 31 38 40 43 44
7 9 12 13 23 31 33 48
7 9 24 31 33 36 37 47
7 14 16 19 20 30 38 40
7 15 17 32 39 41 44 45
8 10 25 32 34 37 38 48
8 15 17 20 21 31 39 41
8 16 18 33 40 42 45 46
9 16 18 21 22 32 40 42
9 17 19 34 41 43 46 47
10 17 19 22 23 33 41 43
10 18 20 35 42 44 47 48
11 18 20 23 24 34 42 44
12 19 21 24 25 35 43 45
13 20 22 25 26 36 44 46
14 21 23 26 27 37 45 47
15 22 24 27 28 38 46 48
