1 4 16 18 25 26 30 36
1 5 11 24 27 39 41 48
1 7 20 23 35 37 44 45
1 8 9 13 19 32 35 47
1 13 15 22 23 27 33 46
1 14 17 29 31 38 39 43
2 3 7 13 26 29 41 43
2 4 11 12 16 22 35 38
2 5 17 19 26 27 31 37
2 8 21 24 36 38 45 46
2 9 10 14 20 33 36 48
2 14 16 23 24 28 34 47
2 15 18 30 32 39 40 44
3 4 8 14 27 30 42 44
3 5 12 13 17 23 36 39
3 6 18 20 27 28 32 38
3 9 22 25 37 39 46 47
3 15 17 24 25 29 35 48
3 16 19 31 33 40 41 45
4 5 9 15 28 31 43 45
4 6 13 14 18 24 37 40
4 7 19 21 28 29 33 39
4 10 23 26 38 40 47 48
4 17 20 32 34 41 42 46
5 6 10 16 29 32 44 46
5 7 14 15 19 25 38 41
5 8 20 22 29 30 34 40
5 18 21 33 35 42 43 47
6 7 11 17 30 33 45 47
6 8 15 16 20 26 39 42
6 9 21 23 30 31 35 41
6 19 22 34 36 43 44 48
7 8 12 18 31 34 46 48
7 9 16 17 21 27 40 43
7 10 22 24 31 32 36 42
8 10 17 18 22 28 41 44
8 11 23 25 32 33 37 43
9 11 18 19 23 29 42 45
9 12 24 26 33 34 38 44
10 12 19 20 24 30 43 46
10 13 25 27 34 35 39 45
11 13 20 21 25 31 44 47
11 14 26 28 35 36 40 46
12 14 21 22 26 32 45 48
12 15 27 29 36 37 41 47
13 16 28 30 37 38 42 48
