1 4 6 10 18 25 26 36
1 5 13 20 21 31 44 47
1 8 9 19 32 35 37 41
1 9 16 17 27 40 43 45
1 11 24 27 29 33 41 48
1 14 17 19 23 31 38 39
2 3 13 26 29 31 35 43
2 4 8 16 23 24 34 47
2 5 7 11 19 26 27 37
2 6 14 21 22 32 45 48
2 9 10 20 33 36 38 42
2 10 17 18 28 41 44 46
2 15 18 20 24 32 39 40
3 4 14 27 30 32 36 44
3 5 9 17 24 25 35 48
3 6 8 12 20 27 28 38
3 10 11 21 34 37 39 43
3 11 18 19 29 42 45 47
3 16 19 21 25 33 40 41
4 5 15 28 31 33 37 45
4 7 9 13 21 28 29 39
4 11 12 22 35 38 40 44
4 12 19 20 30 43 46 48
4 17 20 22 26 34 41 42
5 6 16 29 32 34 38 46
5 8 10 14 22 29 30 40
5 12 13 23 36 39 41 45
5 18 21 23 27 35 42 43
6 7 17 30 33 35 39 47
6 9 11 15 23 30 31 41
6 13 14 24 37 40 42 46
6 19 22 24 28 36 43 44
7 8 18 31 34 36 40 48
7 10 12 16 24 31 32 42
7 14 15 25 38 41 43 47
7 20 23 25 29 37 44 45
8 11 13 17 25 32 33 43
8 15 16 26 39 42 44 48
8 21 24 26 30 38 45 46
9 12 14 18 26 33 34 44
9 22 25 27 31 39 46 47
10 13 15 19 27 34 35 45
10 23 26 28 32 40 47 48
11 14 16 20 28 35 36 46
12 15 17 21 29 36 37 47
13 16 18 22 30 37 38 48
