1 4 11 12 19 24 43 45
1 5 8 15 16 23 28 47
1 6 25 27 31 34 41 42
1 8 9 16 21 40 42 46
1 8 13 32 34 38 41 48
1 20 22 26 29 36 37 44
2 3 10 15 34 36 40 43
2 4 8 11 18 19 26 31
2 5 12 13 20 25 44 46
2 6 9 16 17 24 29 48
2 7 26 28 32 35 42 43
2 9 10 17 22 41 43 47
2 21 23 27 30 37 38 45
3 4 11 16 35 37 41 44
3 5 9 12 19 20 27 32
3 6 13 14 21 26 45 47
3 8 27 29 33 36 43 44
3 10 11 18 23 42 44 48
3 22 24 28 31 38 39 46
4 5 12 17 36 38 42 45
4 6 10 13 20 21 28 33
4 7 14 15 22 27 46 48
4 9 28 30 34 37 44 45
4 23 25 29 32 39 40 47
5 6 13 18 37 39 43 46
5 7 11 14 21 22 29 34
5 10 29 31 35 38 45 46
5 24 26 30 33 40 41 48
6 7 14 19 38 40 44 47
6 8 12 15 22 23 30 35
6 11 30 32 36 39 46 47
7 8 15 20 39 41 45 48
7 9 13 16 23 24 31 36
7 12 31 33 37 40 47 48
8 10 14 17 24 25 32 37
9 11 15 18 25 26 33 38
10 12 16 19 26 27 34 39
11 13 17 20 27 28 35 40
12 14 18 21 28 29 36 41
13 15 19 22 29 30 37 42
14 16 20 23 30 31 38 43
15 17 21 24 31 32 39 44
16 18 22 25 32 33 40 45
17 19 23 26 33 34 41 46
18 20 24 27 34 35 42 47
19 21 25 28 35 36 43 48
