1 3 10 11 29 31 35 46
1 4 6 13 14 32 34 38
1 5 16 19 21 28 29 47
1 8 9 27 29 33 44 47
1 12 15 17 24 25 43 45
1 19 21 25 36 39 41 48
2 3 21 23 27 38 41 43
2 4 8 19 22 24 31 32
2 4 11 12 30 32 36 47
2 5 7 14 15 33 35 39
2 6 17 20 22 29 30 48
2 9 10 28 30 34 45 48
2 13 16 18 25 26 44 46
3 4 22 24 28 39 42 44
3 5 9 20 23 25 32 33
3 5 12 13 31 33 37 48
3 6 8 15 16 34 36 40
3 14 17 19 26 27 45 47
4 5 23 25 29 40 43 45
4 6 10 21 24 26 33 34
4 7 9 16 17 35 37 41
4 15 18 20 27 28 46 48
5 6 24 26 30 41 44 46
5 7 11 22 25 27 34 35
5 8 10 17 18 36 38 42
6 7 25 27 31 42 45 47
6 8 12 23 26 28 35 36
6 9 11 18 19 37 39 43
7 8 26 28 32 43 46 48
7 9 13 24 27 29 36 37
7 10 12 19 20 38 40 44
8 10 14 25 28 30 37 38
8 11 13 20 21 39 41 45
9 11 15 26 29 31 38 39
9 12 14 21 22 40 42 46
10 12 16 27 30 32 39 40
10 13 15 22 23 41 43 47
11 13 17 28 31 33 40 41
11 14 16 23 24 42 44 48
12 14 18 29 32 34 41 42
13 15 19 30 33 35 42 43
14 16 20 31 34 36 43 44
15 17 21 32 35 37 44 45
16 18 22 33 36 38 45 46
17 19 23 34 37 39 46 47
18 20 24 35 38 40 47 48
