1 4 5 11 13 23 28 39
1 6 17 27 30 31 37 39
1 7 9 19 24 35 45 48
1 11 14 15 21 23 33 38
1 11 16 27 37 40 41 47
1 12 22 25 26 32 34 44
2 3 9 11 21 26 37 47
2 4 14 19 30 40 43 44
2 5 6 12 14 24 29 40
2 7 18 28 31 32 38 40
2 12 15 16 22 24 34 39
2 12 17 28 38 41 42 48
2 13 23 26 27 33 35 45
3 4 10 12 22 27 38 48
3 5 15 20 31 41 44 45
3 6 7 13 15 25 30 41
3 8 19 29 32 33 39 41
3 13 16 17 23 25 35 40
3 14 24 27 28 34 36 46
4 6 16 21 32 42 45 46
4 7 8 14 16 26 31 42
4 9 20 30 33 34 40 42
4 14 17 18 24 26 36 41
4 15 25 28 29 35 37 47
5 7 17 22 33 43 46 47
5 8 9 15 17 27 32 43
5 10 21 31 34 35 41 43
5 15 18 19 25 27 37 42
5 16 26 29 30 36 38 48
6 8 18 23 34 44 47 48
6 9 10 16 18 28 33 44
6 11 22 32 35 36 42 44
6 16 19 20 26 28 38 43
7 10 11 17 19 29 34 45
7 12 23 33 36 37 43 45
7 17 20 21 27 29 39 44
8 11 12 18 20 30 35 46
8 13 24 34 37 38 44 46
8 18 21 22 28 30 40 45
9 12 13 19 21 31 36 47
9 14 25 35 38 39 45 47
9 19 22 23 29 31 41 46
10 13 14 20 22 32 37 48
10 15 26 36 39 40 46 48
10 20 23 24 30 32 42 47
11 21 24 25 31 33 43 48
