1 5 11 18 23 25 26 34
1 6 8 9 17 32 36 42
1 7 14 19 21 22 30 45
1 8 13 15 16 24 39 43
1 9 24 28 34 41 46 48
1 16 20 26 33 38 40 41
2 3 11 26 30 36 43 48
2 4 5 13 28 32 38 45
2 6 12 19 24 26 27 35
2 7 9 10 18 33 37 43
2 8 15 20 22 23 31 46
2 9 14 16 17 25 40 44
2 17 21 27 34 39 41 42
3 5 6 14 29 33 39 46
3 7 13 20 25 27 28 36
3 8 10 11 19 34 38 44
3 9 16 21 23 24 32 47
3 10 15 17 18 26 41 45
3 18 22 28 35 40 42 43
4 6 7 15 30 34 40 47
4 8 14 21 26 28 29 37
4 9 11 12 20 35 39 45
4 10 17 22 24 25 33 48
4 11 16 18 19 27 42 46
4 19 23 29 36 41 43 44
5 7 8 16 31 35 41 48
5 9 15 22 27 29 30 38
5 10 12 13 21 36 40 46
5 12 17 19 20 28 43 47
5 20 24 30 37 42 44 45
6 10 16 23 28 30 31 39
6 11 13 14 22 37 41 47
6 13 18 20 21 29 44 48
6 21 25 31 38 43 45 46
7 11 17 24 29 31 32 40
7 12 14 15 23 38 42 48
7 22 26 32 39 44 46 47
8 12 18 25 30 32 33 41
8 23 27 33 40 45 47 48
9 13 19 26 31 33 34 42
10 14 20 27 32 34 35 43
11 15 21 28 33 35 36 44
12 16 22 29 34 36 37 45
13 17 23 30 35 37 38 46
14 18 24 31 36 38 39 47
15 19 25 32 37 39 40 48
