1 5 15 17 18 23 33 42
1 6 16 25 32 36 46 48
1 8 12 22 24 25 30 40
1 10 17 21 31 33 34 39
1 11 13 14 19 29 38 45
1 11 20 27 31 41 43 44
2 3 8 18 27 34 38 48
2 4 5 10 20 29 36 40
2 6 16 18 19 24 34 43
2 9 13 23 25 26 31 41
2 11 18 22 32 34 35 40
2 12 14 15 20 30 39 46
2 12 21 28 32 42 44 45
3 5 6 11 21 30 37 41
3 7 17 19 20 25 35 44
3 10 14 24 26 27 32 42
3 12 19 23 33 35 36 41
3 13 15 16 21 31 40 47
3 13 22 29 33 43 45 46
4 6 7 12 22 31 38 42
4 8 18 20 21 26 36 45
4 11 15 25 27 28 33 43
4 13 20 24 34 36 37 42
4 14 16 17 22 32 41 48
4 14 23 30 34 44 46 47
5 7 8 13 23 32 39 43
5 9 19 21 22 27 37 46
5 12 16 26 28 29 34 44
5 14 21 25 35 37 38 43
5 15 24 31 35 45 47 48
6 8 9 14 24 33 40 44
6 10 20 22 23 28 38 47
6 13 17 27 29 30 35 45
6 15 22 26 36 38 39 44
7 9 10 15 25 34 41 45
7 11 21 23 24 29 39 48
7 14 18 28 30 31 36 46
7 16 23 27 37 39 40 45
8 10 11 16 26 35 42 46
8 15 19 29 31 32 37 47
8 17 24 28 38 40 41 46
9 11 12 17 27 36 43 47
9 16 20 30 32 33 38 48
9 18 25 29 39 41 42 47
10 12 13 18 28 37 44 48
10 19 26 30 40 42 43 48
