1 3 11 15 17 24 29 48
1 5 7 14 19 38 39 41
1 6 25 26 28 36 40 42
1 8 13 32 33 35 43 47
1 9 13 15 22 27 46 47
1 20 21 23 31 35 37 44
2 3 5 13 17 19 26 31
2 4 11 16 35 36 38 46
2 6 8 15 20 39 40 42
2 7 26 27 29 37 41 43
2 9 14 33 34 36 44 48
2 10 14 16 23 28 47 48
2 21 22 24 32 36 38 45
3 4 6 14 18 20 27 32
3 5 12 17 36 37 39 47
3 7 9 16 21 40 41 43
3 8 27 28 30 38 42 44
3 22 23 25 33 37 39 46
4 5 7 15 19 21 28 33
4 6 13 18 37 38 40 48
4 8 10 17 22 41 42 44
4 9 28 29 31 39 43 45
4 23 24 26 34 38 40 47
5 6 8 16 20 22 29 34
5 9 11 18 23 42 43 45
5 10 29 30 32 40 44 46
5 24 25 27 35 39 41 48
6 7 9 17 21 23 30 35
6 10 12 19 24 43 44 46
6 11 30 31 33 41 45 47
7 8 10 18 22 24 31 36
7 11 13 20 25 44 45 47
7 12 31 32 34 42 46 48
8 9 11 19 23 25 32 37
8 12 14 21 26 45 46 48
9 10 12 20 24 26 33 38
10 11 13 21 25 27 34 39
11 12 14 22 26 28 35 40
12 13 15 23 27 29 36 41
13 14 16 24 28 30 37 42
14 15 17 25 29 31 38 43
15 16 18 26 30 32 39 44
16 17 19 27 31 33 40 45
17 18 20 28 32 34 41 46
18 19 21 29 33 35 42 47
19 20 22 30 34 36 43 48
