1 3 8 12 13 32 35 43
1 5 6 25 28 36 42 44
1 6 10 11 30 33 41 47
1 7 9 14 18 19 38 41
1 9 15 17 22 26 27 46
1 20 23 31 37 39 44 48
2 3 22 25 33 39 41 46
2 4 9 13 14 33 36 44
2 5 13 19 21 26 30 31
2 6 7 26 29 37 43 45
2 7 11 12 31 34 42 48
2 8 10 15 19 20 39 42
2 10 16 18 23 27 28 47
3 4 23 26 34 40 42 47
3 5 10 14 15 34 37 45
3 6 14 20 22 27 31 32
3 7 8 27 30 38 44 46
3 9 11 16 20 21 40 43
3 11 17 19 24 28 29 48
4 5 24 27 35 41 43 48
4 6 11 15 16 35 38 46
4 7 15 21 23 28 32 33
4 8 9 28 31 39 45 47
4 10 12 17 21 22 41 44
5 7 12 16 17 36 39 47
5 8 16 22 24 29 33 34
5 9 10 29 32 40 46 48
5 11 13 18 22 23 42 45
6 8 13 17 18 37 40 48
6 9 17 23 25 30 34 35
6 12 14 19 23 24 43 46
7 10 18 24 26 31 35 36
7 13 15 20 24 25 44 47
8 11 19 25 27 32 36 37
8 14 16 21 25 26 45 48
9 12 20 26 28 33 37 38
10 13 21 27 29 34 38 39
11 14 22 28 30 35 39 40
12 15 23 29 31 36 40 41
13 16 24 30 32 37 41 42
14 17 25 31 33 38 42 43
15 18 26 32 34 39 43 44
16 19 27 33 35 40 44 45
17 20 28 34 36 41 45 46
18 21 29 35 37 42 46 47
19 22 30 36 38 43 47 48
