1 2 9 14 18 21 24 48
1 4 28 29 30 37 42 46
1 5 8 11 35 36 37 44
1 6 10 13 16 40 41 42
1 8 13 17 20 23 47 48
1 25 26 27 34 39 43 46
2 3 4 11 16 20 23 26
2 5 8 32 33 34 41 46
2 5 29 30 31 38 43 47
2 6 9 12 36 37 38 45
2 7 11 14 17 41 42 43
2 26 27 28 35 40 44 47
3 4 5 12 17 21 24 27
3 6 9 33 34 35 42 47
3 6 30 31 32 39 44 48
3 7 10 13 37 38 39 46
3 8 12 15 18 42 43 44
3 27 28 29 36 41 45 48
4 5 6 13 18 22 25 28
4 7 10 34 35 36 43 48
4 8 11 14 38 39 40 47
4 9 13 16 19 43 44 45
5 6 7 14 19 23 26 29
5 9 12 15 39 40 41 48
5 10 14 17 20 44 45 46
6 7 8 15 20 24 27 30
6 11 15 18 21 45 46 47
7 8 9 16 21 25 28 31
7 12 16 19 22 46 47 48
8 9 10 17 22 26 29 32
9 10 11 18 23 27 30 33
10 11 12 19 24 28 31 34
11 12 13 20 25 29 32 35
12 13 14 21 26 30 33 36
13 14 15 22 27 31 34 37
14 15 16 23 28 32 35 38
15 16 17 24 29 33 36 39
16 17 18 25 30 34 37 40
17 18 19 26 31 35 38 41
18 19 20 27 32 36 39 42
19 20 21 28 33 37 40 43
20 21 22 29 34 38 41 44
21 22 23 30 35 39 42 45
22 23 24 31 36 40 43 46
23 24 25 32 37 41 44 47
24 25 26 33 38 42 45 48
