1 2 8 26 27 29 40 44
1 3 14 18 23 24 30 48
1 6 7 13 31 32 34 45
1 7 25 26 28 39 43 48
1 12 16 21 22 28 46 47
1 19 20 22 33 37 42 43
2 3 5 16 20 25 26 32
2 3 9 27 28 30 41 45
2 6 11 12 18 36 37 39
2 7 8 14 32 33 35 46
2 13 17 22 23 29 47 48
2 20 21 23 34 38 43 44
3 4 6 17 21 26 27 33
3 4 10 28 29 31 42 46
3 7 12 13 19 37 38 40
3 8 9 15 33 34 36 47
3 21 22 24 35 39 44 45
4 5 7 18 22 27 28 34
4 5 11 29 30 32 43 47
4 8 13 14 20 38 39 41
4 9 10 16 34 35 37 48
4 22 23 25 36 40 45 46
5 6 8 19 23 28 29 35
5 6 12 30 31 33 44 48
5 9 14 15 21 39 40 42
5 23 24 26 37 41 46 47
6 7 9 20 24 29 30 36
6 10 15 16 22 40 41 43
6 24 25 27 38 42 47 48
7 8 10 21 25 30 31 37
7 11 16 17 23 41 42 44
8 9 11 22 26 31 32 38
8 12 17 18 24 42 43 45
9 10 12 23 27 32 33 39
9 13 18 19 25 43 44 46
10 11 13 24 28 33 34 40
10 14 19 20 26 44 45 47
11 12 14 25 29 34 35 41
11 15 20 21 27 45 46 48
12 13 15 26 30 35 36 42
13 14 16 27 31 36 37 43
14 15 17 28 32 37 38 44
15 16 18 29 33 38 39 45
16 17 19 30 34 39 40 46
17 18 20 31 35 40 41 47
18 19 21 32 36 41 42 48
