1 4 5 11 14 22 33 47
1 4 12 23 37 39 42 43
1 7 10 18 29 43 45 48
1 9 20 34 36 39 40 46
1 12 26 28 31 32 38 41
1 15 17 20 21 27 30 38
2 3 9 12 20 31 45 47
2 4 7 8 14 17 25 36
2 5 6 12 15 23 34 48
2 5 13 24 38 40 43 44
2 10 21 35 37 40 41 47
2 13 27 29 32 33 39 42
2 16 18 21 22 28 31 39
3 4 10 13 21 32 46 48
3 5 8 9 15 18 26 37
3 6 14 25 39 41 44 45
3 11 22 36 38 41 42 48
3 14 28 30 33 34 40 43
3 17 19 22 23 29 32 40
4 6 9 10 16 19 27 38
4 7 15 26 40 42 45 46
4 15 29 31 34 35 41 44
4 18 20 23 24 30 33 41
5 7 10 11 17 20 28 39
5 8 16 27 41 43 46 47
5 16 30 32 35 36 42 45
5 19 21 24 25 31 34 42
6 8 11 12 18 21 29 40
6 9 17 28 42 44 47 48
6 17 31 33 36 37 43 46
6 20 22 25 26 32 35 43
7 9 12 13 19 22 30 41
7 18 32 34 37 38 44 47
7 21 23 26 27 33 36 44
8 10 13 14 20 23 31 42
8 19 33 35 38 39 45 48
8 22 24 27 28 34 37 45
9 11 14 15 21 24 32 43
9 23 25 28 29 35 38 46
10 12 15 16 22 25 33 44
10 24 26 29 30 36 39 47
11 13 16 17 23 26 34 45
11 25 27 30 31 37 40 48
12 14 17 18 24 27 35 46
13 15 18 19 25 28 36 47
14 16 19 20 26 29 37 48
