1 4 5 13 28 33 35 39
1 5 15 18 19 27 42 47
1 6 8 12 22 25 26 34
1 9 24 29 31 35 45 48
1 11 14 15 23 38 43 45
1 16 21 23 27 37 40 41
2 3 11 26 31 33 37 47
2 4 8 18 21 22 30 45
2 5 6 14 29 34 36 40
2 6 16 19 20 28 43 48
2 7 9 13 23 26 27 35
2 12 15 16 24 39 44 46
2 17 22 24 28 38 41 42
3 4 12 27 32 34 38 48
3 5 9 19 22 23 31 46
3 6 7 15 30 35 37 41
3 8 10 14 24 27 28 36
3 13 16 17 25 40 45 47
3 18 23 25 29 39 42 43
4 6 10 20 23 24 32 47
4 7 8 16 31 36 38 42
4 9 11 15 25 28 29 37
4 14 17 18 26 41 46 48
4 19 24 26 30 40 43 44
5 7 11 21 24 25 33 48
5 8 9 17 32 37 39 43
5 10 12 16 26 29 30 38
5 20 25 27 31 41 44 45
6 9 10 18 33 38 40 44
6 11 13 17 27 30 31 39
6 21 26 28 32 42 45 46
7 10 11 19 34 39 41 45
7 12 14 18 28 31 32 40
7 22 27 29 33 43 46 47
8 11 12 20 35 40 42 46
8 13 15 19 29 32 33 41
8 23 28 30 34 44 47 48
9 12 13 21 36 41 43 47
9 14 16 20 30 33 34 42
10 13 14 22 37 42 44 48
10 15 17 21 31 34 35 43
11 16 18 22 32 35 36 44
12 17 19 23 33 36 37 45
13 18 20 24 34 37 38 46
14 19 21 25 35 38 39 47
15 20 22 26 36 39 40 48
