1 3 6 12 19 20 27 31
1 5 23 25 28 34 41 42
1 7 14 15 22 26 44 46
1 8 9 16 20 38 40 43
1 8 12 30 32 35 41 48
1 19 21 24 30 37 38 45
2 3 10 14 32 34 37 43
2 4 7 13 20 21 28 32
2 5 11 18 19 26 30 48
2 6 24 26 29 35 42 43
2 8 15 16 23 27 45 47
2 9 10 17 21 39 41 44
2 20 22 25 31 38 39 46
3 4 11 15 33 35 38 44
3 5 8 14 21 22 29 33
3 7 25 27 30 36 43 44
3 9 16 17 24 28 46 48
3 10 11 18 22 40 42 45
3 21 23 26 32 39 40 47
4 5 12 16 34 36 39 45
4 6 9 15 22 23 30 34
4 8 26 28 31 37 44 45
4 11 12 19 23 41 43 46
4 22 24 27 33 40 41 48
5 6 13 17 35 37 40 46
5 7 10 16 23 24 31 35
5 9 27 29 32 38 45 46
5 12 13 20 24 42 44 47
6 7 14 18 36 38 41 47
6 8 11 17 24 25 32 36
6 10 28 30 33 39 46 47
6 13 14 21 25 43 45 48
7 8 15 19 37 39 42 48
7 9 12 18 25 26 33 37
7 11 29 31 34 40 47 48
8 10 13 19 26 27 34 38
9 11 14 20 27 28 35 39
10 12 15 21 28 29 36 40
11 13 16 22 29 30 37 41
12 14 17 23 30 31 38 42
13 15 18 24 31 32 39 43
14 16 19 25 32 33 40 44
15 17 20 26 33 34 41 45
16 18 21 27 34 35 42 46
17 19 22 28 35 36 43 47
18 20 23 29 36 37 44 48
