1 5 11 22 23 25 30 38
1 6 14 25 29 35 46 47
1 7 18 19 21 26 34 45
1 9 20 24 30 41 42 44
1 12 13 15 20 28 39 43
1 12 16 22 33 34 36 41
2 3 5 10 18 29 33 39
2 6 12 23 24 26 31 39
2 7 15 26 30 36 47 48
2 8 19 20 22 27 35 46
2 10 21 25 31 42 43 45
2 13 14 16 21 29 40 44
2 13 17 23 34 35 37 42
3 4 6 11 19 30 34 40
3 7 13 24 25 27 32 40
3 9 20 21 23 28 36 47
3 11 22 26 32 43 44 46
3 14 15 17 22 30 41 45
3 14 18 24 35 36 38 43
4 5 7 12 20 31 35 41
4 8 14 25 26 28 33 41
4 10 21 22 24 29 37 48
4 12 23 27 33 44 45 47
4 15 16 18 23 31 42 46
4 15 19 25 36 37 39 44
5 6 8 13 21 32 36 42
5 9 15 26 27 29 34 42
5 13 24 28 34 45 46 48
5 16 17 19 24 32 43 47
5 16 20 26 37 38 40 45
6 7 9 14 22 33 37 43
6 10 16 27 28 30 35 43
6 17 18 20 25 33 44 48
6 17 21 27 38 39 41 46
7 8 10 15 23 34 38 44
7 11 17 28 29 31 36 44
7 18 22 28 39 40 42 47
8 9 11 16 24 35 39 45
8 12 18 29 30 32 37 45
8 19 23 29 40 41 43 48
9 10 12 17 25 36 40 46
9 13 19 30 31 33 38 46
10 11 13 18 26 37 41 47
10 14 20 31 32 34 39 47
11 12 14 19 27 38 42 48
11 15 21 32 33 35 40 48
