1 3 16 19 35 40 41 47
1 4 20 25 26 32 34 36
1 6 7 13 15 17 30 33
1 7 9 11 24 27 43 48
1 14 17 33 38 39 45 47
1 17 22 23 29 31 33 46
2 3 9 11 13 26 29 45
2 4 6 19 22 38 43 44
2 4 17 20 36 41 42 48
2 5 21 26 27 33 35 37
2 7 8 14 16 18 31 34
2 15 18 34 39 40 46 48
2 18 23 24 30 32 34 47
3 4 10 12 14 27 30 46
3 5 7 20 23 39 44 45
3 6 22 27 28 34 36 38
3 8 9 15 17 19 32 35
3 19 24 25 31 33 35 48
4 5 11 13 15 28 31 47
4 6 8 21 24 40 45 46
4 7 23 28 29 35 37 39
4 9 10 16 18 20 33 36
5 6 12 14 16 29 32 48
5 7 9 22 25 41 46 47
5 8 24 29 30 36 38 40
5 10 11 17 19 21 34 37
6 8 10 23 26 42 47 48
6 9 25 30 31 37 39 41
6 11 12 18 20 22 35 38
7 10 26 31 32 38 40 42
7 12 13 19 21 23 36 39
8 11 27 32 33 39 41 43
8 13 14 20 22 24 37 40
9 12 28 33 34 40 42 44
9 14 15 21 23 25 38 41
10 13 29 34 35 41 43 45
10 15 16 22 24 26 39 42
11 14 30 35 36 42 44 46
11 16 17 23 25 27 40 43
12 15 31 36 37 43 45 47
12 17 18 24 26 28 41 44
13 16 32 37 38 44 46 48
13 18 19 25 27 29 42 45
14 19 20 26 28 30 43 46
15 20 21 27 29 31 44 47
16 21 22 28 30 32 45 48
