1 4 9 17 28 30 42 48
1 6 14 25 27 39 45 46
1 7 8 11 16 24 35 37
1 9 20 22 34 40 41 44
1 12 14 26 32 33 36 41
1 13 19 20 23 28 36 47
2 3 6 11 19 30 32 44
2 4 16 22 23 26 31 39
2 7 15 26 28 40 46 47
2 8 9 12 17 25 36 38
2 10 21 23 35 41 42 45
2 13 15 27 33 34 37 42
2 14 20 21 24 29 37 48
3 4 7 12 20 31 33 45
3 5 17 23 24 27 32 40
3 8 16 27 29 41 47 48
3 9 10 13 18 26 37 39
3 11 22 24 36 42 43 46
3 14 16 28 34 35 38 43
4 5 8 13 21 32 34 46
4 6 18 24 25 28 33 41
4 10 11 14 19 27 38 40
4 12 23 25 37 43 44 47
4 15 17 29 35 36 39 44
5 6 9 14 22 33 35 47
5 7 19 25 26 29 34 42
5 11 12 15 20 28 39 41
5 13 24 26 38 44 45 48
5 16 18 30 36 37 40 45
6 7 10 15 23 34 36 48
6 8 20 26 27 30 35 43
6 12 13 16 21 29 40 42
6 17 19 31 37 38 41 46
7 9 21 27 28 31 36 44
7 13 14 17 22 30 41 43
7 18 20 32 38 39 42 47
8 10 22 28 29 32 37 45
8 14 15 18 23 31 42 44
8 19 21 33 39 40 43 48
9 11 23 29 30 33 38 46
9 15 16 19 24 32 43 45
10 12 24 30 31 34 39 47
10 16 17 20 25 33 44 46
11 13 25 31 32 35 40 48
11 17 18 21 26 34 45 47
12 18 19 22 27 35 46 48
