1 3 7 11 27 34 45 46
1 5 9 25 32 43 44 47
1 5 21 28 39 40 43 45
1 8 19 20 23 25 29 33
1 12 13 16 18 22 26 42
1 17 24 35 36 39 41 45
2 3 6 8 12 16 32 39
2 4 8 12 28 35 46 47
2 6 10 26 33 44 45 48
2 6 22 29 40 41 44 46
2 9 20 21 24 26 30 34
2 13 14 17 19 23 27 43
2 18 25 36 37 40 42 46
3 4 7 9 13 17 33 40
3 5 9 13 29 36 47 48
3 7 23 30 41 42 45 47
3 10 21 22 25 27 31 35
3 14 15 18 20 24 28 44
3 19 26 37 38 41 43 47
4 5 8 10 14 18 34 41
4 8 24 31 42 43 46 48
4 11 22 23 26 28 32 36
4 15 16 19 21 25 29 45
4 20 27 38 39 42 44 48
5 6 9 11 15 19 35 42
5 12 23 24 27 29 33 37
5 16 17 20 22 26 30 46
6 7 10 12 16 20 36 43
6 13 24 25 28 30 34 38
6 17 18 21 23 27 31 47
7 8 11 13 17 21 37 44
7 14 25 26 29 31 35 39
7 18 19 22 24 28 32 48
8 9 12 14 18 22 38 45
8 15 26 27 30 32 36 40
9 10 13 15 19 23 39 46
9 16 27 28 31 33 37 41
10 11 14 16 20 24 40 47
10 17 28 29 32 34 38 42
11 12 15 17 21 25 41 48
11 18 29 30 33 35 39 43
12 19 30 31 34 36 40 44
13 20 31 32 35 37 41 45
14 21 32 33 36 38 42 46
15 22 33 34 37 39 43 47
16 23 34 35 38 40 44 48
