1 5 10 18 23 37 46 47
1 6 14 19 33 42 43 45
1 6 20 29 30 32 36 41
1 9 14 28 37 38 40 44
1 10 11 13 17 22 30 35
1 15 24 25 27 31 36 44
2 3 5 9 14 22 27 41
2 6 11 19 24 38 47 48
2 7 15 20 34 43 44 46
2 7 21 30 31 33 37 42
2 10 15 29 38 39 41 45
2 11 12 14 18 23 31 36
2 16 25 26 28 32 37 45
3 4 6 10 15 23 28 42
3 8 16 21 35 44 45 47
3 8 22 31 32 34 38 43
3 11 16 30 39 40 42 46
3 12 13 15 19 24 32 37
3 17 26 27 29 33 38 46
4 5 7 11 16 24 29 43
4 9 17 22 36 45 46 48
4 9 23 32 33 35 39 44
4 12 17 31 40 41 43 47
4 13 14 16 20 25 33 38
4 18 27 28 30 34 39 47
5 6 8 12 17 25 30 44
5 10 24 33 34 36 40 45
5 13 18 32 41 42 44 48
5 14 15 17 21 26 34 39
5 19 28 29 31 35 40 48
6 7 9 13 18 26 31 45
6 11 25 34 35 37 41 46
6 15 16 18 22 27 35 40
7 8 10 14 19 27 32 46
7 12 26 35 36 38 42 47
7 16 17 19 23 28 36 41
8 9 11 15 20 28 33 47
8 13 27 36 37 39 43 48
8 17 18 20 24 29 37 42
9 10 12 16 21 29 34 48
9 18 19 21 25 30 38 43
10 19 20 22 26 31 39 44
11 20 21 23 27 32 40 45
12 21 22 24 28 33 41 46
13 22 23 25 29 34 42 47
14 23 24 26 30 35 43 48
