1 2 24 29 32 35 39 48
1 4 8 17 18 19 41 46
1 5 14 15 16 38 43 46
1 6 9 12 16 25 26 27
1 10 11 12 34 39 42 45
1 23 28 31 34 38 47 48
2 3 4 26 31 34 37 41
2 5 8 12 21 22 23 45
2 5 9 18 19 20 42 47
2 6 15 16 17 39 44 47
2 7 10 13 17 26 27 28
2 11 12 13 35 40 43 46
3 4 5 27 32 35 38 42
3 6 9 13 22 23 24 46
3 6 10 19 20 21 43 48
3 7 16 17 18 40 45 48
3 8 11 14 18 27 28 29
3 12 13 14 36 41 44 47
4 5 6 28 33 36 39 43
4 7 10 14 23 24 25 47
4 9 12 15 19 28 29 30
4 13 14 15 37 42 45 48
5 6 7 29 34 37 40 44
5 8 11 15 24 25 26 48
5 10 13 16 20 29 30 31
6 7 8 30 35 38 41 45
6 11 14 17 21 30 31 32
7 8 9 31 36 39 42 46
7 12 15 18 22 31 32 33
8 9 10 32 37 40 43 47
8 13 16 19 23 32 33 34
9 10 11 33 38 41 44 48
9 14 17 20 24 33 34 35
10 15 18 21 25 34 35 36
11 16 19 22 26 35 36 37
12 17 20 23 27 36 37 38
13 18 21 24 28 37 38 39
14 19 22 25 29 38 39 40
15 20 23 26 30 39 40 41
16 21 24 27 31 40 41 42
17 22 25 28 32 41 42 43
18 23 26 29 33 42 43 44
19 24 27 30 34 43 44 45
20 25 28 31 35 44 45 46
21 26 29 32 36 45 46 47
22 27 30 33 37 46 47 48
