1 5 18 19 21 27 37 42
1 6 13 17 30 31 33 39
1 7 17 22 29 33 46 47
1 8 12 25 26 28 34 44
1 11 16 23 27 40 41 43
1 14 15 17 23 33 38 45
2 3 5 11 21 26 33 37
2 6 19 20 22 28 38 43
2 7 14 18 31 32 34 40
2 8 18 23 30 34 47 48
2 9 13 26 27 29 35 45
2 12 17 24 28 41 42 44
2 15 16 18 24 34 39 46
3 4 6 12 22 27 34 38
3 7 20 21 23 29 39 44
3 8 15 19 32 33 35 41
3 10 14 27 28 30 36 46
3 13 18 25 29 42 43 45
3 16 17 19 25 35 40 47
4 5 7 13 23 28 35 39
4 8 21 22 24 30 40 45
4 9 16 20 33 34 36 42
4 11 15 28 29 31 37 47
4 14 19 26 30 43 44 46
4 17 18 20 26 36 41 48
5 6 8 14 24 29 36 40
5 9 22 23 25 31 41 46
5 10 17 21 34 35 37 43
5 12 16 29 30 32 38 48
5 15 20 27 31 44 45 47
6 7 9 15 25 30 37 41
6 10 23 24 26 32 42 47
6 11 18 22 35 36 38 44
6 16 21 28 32 45 46 48
7 8 10 16 26 31 38 42
7 11 24 25 27 33 43 48
7 12 19 23 36 37 39 45
8 9 11 17 27 32 39 43
8 13 20 24 37 38 40 46
9 10 12 18 28 33 40 44
9 14 21 25 38 39 41 47
10 11 13 19 29 34 41 45
10 15 22 26 39 40 42 48
11 12 14 20 30 35 42 46
12 13 15 21 31 36 43 47
13 14 16 22 32 37 44 48
