1 5 10 11 13 22 29 35
1 6 7 9 18 25 31 45
1 7 21 25 30 31 33 42
1 8 14 28 32 37 38 40
1 10 17 23 37 41 46 47
1 15 19 24 25 27 36 43
2 3 5 14 21 27 41 45
2 6 11 12 14 23 30 36
2 7 8 10 19 26 32 46
2 8 22 26 31 32 34 43
2 9 15 29 33 38 39 41
2 11 18 24 38 42 47 48
2 16 20 25 26 28 37 44
3 4 6 15 22 28 42 46
3 7 12 13 15 24 31 37
3 8 9 11 20 27 33 47
3 9 23 27 32 33 35 44
3 10 16 30 34 39 40 42
3 17 21 26 27 29 38 45
4 5 7 16 23 29 43 47
4 8 13 14 16 25 32 38
4 9 10 12 21 28 34 48
4 10 24 28 33 34 36 45
4 11 17 31 35 40 41 43
4 18 22 27 28 30 39 46
5 6 8 17 24 30 44 48
5 9 14 15 17 26 33 39
5 11 25 29 34 35 37 46
5 12 18 32 36 41 42 44
5 19 23 28 29 31 40 47
6 10 15 16 18 27 34 40
6 12 26 30 35 36 38 47
6 13 19 33 37 42 43 45
6 20 24 29 30 32 41 48
7 11 16 17 19 28 35 41
7 13 27 31 36 37 39 48
7 14 20 34 38 43 44 46
8 12 17 18 20 29 36 42
8 15 21 35 39 44 45 47
9 13 18 19 21 30 37 43
9 16 22 36 40 45 46 48
10 14 19 20 22 31 38 44
11 15 20 21 23 32 39 45
12 16 21 22 24 33 40 46
13 17 22 23 25 34 41 47
14 18 23 24 26 35 42 48
