1 2 8 9 13 26 28 40
1 5 18 20 32 41 42 48
1 7 8 12 25 27 39 48
1 10 11 17 18 22 35 37
1 13 22 23 29 30 34 47
1 14 16 28 37 38 44 45
2 3 7 20 22 34 43 44
2 3 9 10 14 27 29 41
2 4 16 25 26 32 33 37
2 11 12 18 19 23 36 38
2 14 23 24 30 31 35 48
2 15 17 29 38 39 45 46
3 4 8 21 23 35 44 45
3 4 10 11 15 28 30 42
3 5 17 26 27 33 34 38
3 12 13 19 20 24 37 39
3 16 18 30 39 40 46 47
4 5 9 22 24 36 45 46
4 5 11 12 16 29 31 43
4 6 18 27 28 34 35 39
4 13 14 20 21 25 38 40
4 17 19 31 40 41 47 48
5 6 10 23 25 37 46 47
5 6 12 13 17 30 32 44
5 7 19 28 29 35 36 40
5 14 15 21 22 26 39 41
6 7 11 24 26 38 47 48
6 7 13 14 18 31 33 45
6 8 20 29 30 36 37 41
6 15 16 22 23 27 40 42
7 8 14 15 19 32 34 46
7 9 21 30 31 37 38 42
7 16 17 23 24 28 41 43
8 9 15 16 20 33 35 47
8 10 22 31 32 38 39 43
8 17 18 24 25 29 42 44
9 10 16 17 21 34 36 48
9 11 23 32 33 39 40 44
9 18 19 25 26 30 43 45
10 12 24 33 34 40 41 45
10 19 20 26 27 31 44 46
11 13 25 34 35 41 42 46
11 20 21 27 28 32 45 47
12 14 26 35 36 42 43 47
12 21 22 28 29 33 46 48
13 15 27 36 37 43 44 48
