1 5 15 29 31 32 38 44
1 6 10 20 34 36 37 43
1 7 12 16 26 40 42 43
1 7 13 18 22 32 46 48
1 11 25 27 28 34 40 45
1 15 17 18 24 30 35 39
2 3 9 15 20 24 34 48
2 4 5 11 17 22 26 36
2 6 16 30 32 33 39 45
2 7 11 21 35 37 38 44
2 8 13 17 27 41 43 44
2 12 26 28 29 35 41 46
2 16 18 19 25 31 36 40
3 5 6 12 18 23 27 37
3 7 17 31 33 34 40 46
3 8 12 22 36 38 39 45
3 9 14 18 28 42 44 45
3 13 27 29 30 36 42 47
3 17 19 20 26 32 37 41
4 6 7 13 19 24 28 38
4 8 18 32 34 35 41 47
4 9 13 23 37 39 40 46
4 10 15 19 29 43 45 46
4 14 28 30 31 37 43 48
4 18 20 21 27 33 38 42
5 7 8 14 20 25 29 39
5 9 19 33 35 36 42 48
5 10 14 24 38 40 41 47
5 11 16 20 30 44 46 47
5 19 21 22 28 34 39 43
6 8 9 15 21 26 30 40
6 11 15 25 39 41 42 48
6 12 17 21 31 45 47 48
6 20 22 23 29 35 40 44
7 9 10 16 22 27 31 41
7 21 23 24 30 36 41 45
8 10 11 17 23 28 32 42
8 22 24 25 31 37 42 46
9 11 12 18 24 29 33 43
9 23 25 26 32 38 43 47
10 12 13 19 25 30 34 44
10 24 26 27 33 39 44 48
11 13 14 20 26 31 35 45
12 14 15 21 27 32 36 46
13 15 16 22 28 33 37 47
14 16 17 23 29 34 38 48
