1 2 11 25 31 33 34 38
1 5 16 17 26 40 46 48
1 7 9 10 14 25 26 35
1 10 24 30 32 33 37 48
1 12 13 22 36 42 44 45
1 15 21 23 24 28 39 40
2 3 7 18 19 28 42 48
2 3 12 26 32 34 35 39
2 4 5 9 20 21 30 44
2 8 10 11 15 26 27 36
2 13 14 23 37 43 45 46
2 16 22 24 25 29 40 41
3 4 13 27 33 35 36 40
3 5 6 10 21 22 31 45
3 9 11 12 16 27 28 37
3 14 15 24 38 44 46 47
3 17 23 25 26 30 41 42
4 5 14 28 34 36 37 41
4 6 7 11 22 23 32 46
4 10 12 13 17 28 29 38
4 15 16 25 39 45 47 48
4 18 24 26 27 31 42 43
5 6 15 29 35 37 38 42
5 7 8 12 23 24 33 47
5 11 13 14 18 29 30 39
5 19 25 27 28 32 43 44
6 7 16 30 36 38 39 43
6 8 9 13 24 25 34 48
6 12 14 15 19 30 31 40
6 20 26 28 29 33 44 45
7 8 17 31 37 39 40 44
7 13 15 16 20 31 32 41
7 21 27 29 30 34 45 46
8 9 18 32 38 40 41 45
8 14 16 17 21 32 33 42
8 22 28 30 31 35 46 47
9 10 19 33 39 41 42 46
9 15 17 18 22 33 34 43
9 23 29 31 32 36 47 48
10 11 20 34 40 42 43 47
10 16 18 19 23 34 35 44
11 12 21 35 41 43 44 48
11 17 19 20 24 35 36 45
12 18 20 21 25 36 37 46
13 19 21 22 26 37 38 47
14 20 22 23 27 38 39 48
