1 3 10 13 27 38 42 43
1 4 18 29 33 34 40 42
1 7 9 16 19 33 44 48
1 8 11 25 36 40 41 47
1 12 16 17 23 25 32 35
1 15 26 30 31 37 39 46
2 3 9 11 18 21 35 46
2 4 11 14 28 39 43 44
2 5 19 30 34 35 41 43
2 6 7 13 15 22 25 39
2 9 12 26 37 41 42 48
2 13 17 18 24 26 33 36
2 16 27 31 32 38 40 47
3 4 10 12 19 22 36 47
3 5 12 15 29 40 44 45
3 6 20 31 35 36 42 44
3 7 8 14 16 23 26 40
3 14 18 19 25 27 34 37
3 17 28 32 33 39 41 48
4 5 11 13 20 23 37 48
4 6 13 16 30 41 45 46
4 7 21 32 36 37 43 45
4 8 9 15 17 24 27 41
4 15 19 20 26 28 35 38
5 7 14 17 31 42 46 47
5 8 22 33 37 38 44 46
5 9 10 16 18 25 28 42
5 16 20 21 27 29 36 39
6 8 15 18 32 43 47 48
6 9 23 34 38 39 45 47
6 10 11 17 19 26 29 43
6 17 21 22 28 30 37 40
7 10 24 35 39 40 46 48
7 11 12 18 20 27 30 44
7 18 22 23 29 31 38 41
8 12 13 19 21 28 31 45
8 19 23 24 30 32 39 42
9 13 14 20 22 29 32 46
9 20 24 25 31 33 40 43
10 14 15 21 23 30 33 47
10 21 25 26 32 34 41 44
11 15 16 22 24 31 34 48
11 22 26 27 33 35 42 45
12 23 27 28 34 36 43 46
13 24 28 29 35 37 44 47
14 25 29 30 36 38 45 48
