1 2 9 10 12 25 31 45
1 3 16 22 36 40 41 48
1 7 21 25 26 33 34 36
1 8 9 11 24 30 44 48
1 14 20 34 38 39 46 47
1 15 19 20 27 28 30 43
2 3 5 18 24 38 42 43
2 3 10 11 13 26 32 46
2 6 7 14 15 17 30 36
2 8 22 26 27 34 35 37
2 15 21 35 39 40 47 48
2 16 20 21 28 29 31 44
3 4 6 19 25 39 43 44
3 4 11 12 14 27 33 47
3 7 8 15 16 18 31 37
3 9 23 27 28 35 36 38
3 17 21 22 29 30 32 45
4 5 7 20 26 40 44 45
4 5 12 13 15 28 34 48
4 8 9 16 17 19 32 38
4 10 24 28 29 36 37 39
4 18 22 23 30 31 33 46
5 6 8 21 27 41 45 46
5 9 10 17 18 20 33 39
5 11 25 29 30 37 38 40
5 19 23 24 31 32 34 47
6 7 9 22 28 42 46 47
6 10 11 18 19 21 34 40
6 12 26 30 31 38 39 41
6 20 24 25 32 33 35 48
7 8 10 23 29 43 47 48
7 11 12 19 20 22 35 41
7 13 27 31 32 39 40 42
8 12 13 20 21 23 36 42
8 14 28 32 33 40 41 43
9 13 14 21 22 24 37 43
9 15 29 33 34 41 42 44
10 14 15 22 23 25 38 44
10 16 30 34 35 42 43 45
11 15 16 23 24 26 39 45
11 17 31 35 36 43 44 46
12 16 17 24 25 27 40 46
12 18 32 36 37 44 45 47
13 17 18 25 26 28 41 47
13 19 33 37 38 45 46 48
14 18 19 26 27 29 42 48
