1 4 13 14 30 37 41 47
1 5 11 13 16 25 26 42
1 7 9 12 21 22 38 45
1 8 12 18 20 23 32 33
1 10 11 27 34 38 44 46
1 17 24 28 34 36 39 48
2 3 19 26 30 36 38 41
2 4 7 16 17 33 40 44
2 5 14 15 31 38 42 48
2 6 12 14 17 26 27 43
2 8 10 13 22 23 39 46
2 9 13 19 21 24 33 34
2 11 12 28 35 39 45 47
3 4 20 27 31 37 39 42
3 5 8 17 18 34 41 45
3 7 13 15 18 27 28 44
3 9 11 14 23 24 40 47
3 10 14 20 22 25 34 35
3 12 13 29 36 40 46 48
4 5 21 28 32 38 40 43
4 6 9 18 19 35 42 46
4 8 14 16 19 28 29 45
4 10 12 15 24 25 41 48
4 11 15 21 23 26 35 36
5 6 22 29 33 39 41 44
5 7 10 19 20 36 43 47
5 9 15 17 20 29 30 46
5 12 16 22 24 27 36 37
6 7 23 30 34 40 42 45
6 8 11 20 21 37 44 48
6 10 16 18 21 30 31 47
6 13 17 23 25 28 37 38
7 8 24 31 35 41 43 46
7 11 17 19 22 31 32 48
7 14 18 24 26 29 38 39
8 9 25 32 36 42 44 47
8 15 19 25 27 30 39 40
9 10 26 33 37 43 45 48
9 16 20 26 28 31 40 41
10 17 21 27 29 32 41 42
11 18 22 28 30 33 42 43
12 19 23 29 31 34 43 44
13 20 24 30 32 35 44 45
14 21 25 31 33 36 45 46
15 22 26 32 34 37 46 47
16 23 27 33 35 38 47 48
