1 3 6 7 14 25 34 39
1 6 16 18 21 22 29 40
1 8 19 28 33 43 45 48
1 10 15 25 27 30 31 38
1 11 13 16 17 24 35 44
1 12 21 26 36 38 41 42
2 3 10 21 30 35 45 47
2 4 7 8 15 26 35 40
2 5 6 13 24 33 38 48
2 7 17 19 22 23 30 41
2 11 16 26 28 31 32 39
2 12 14 17 18 25 36 45
2 13 22 27 37 39 42 43
3 4 11 22 31 36 46 48
3 5 8 9 16 27 36 41
3 8 18 20 23 24 31 42
3 12 17 27 29 32 33 40
3 13 15 18 19 26 37 46
3 14 23 28 38 40 43 44
4 6 9 10 17 28 37 42
4 9 19 21 24 25 32 43
4 13 18 28 30 33 34 41
4 14 16 19 20 27 38 47
4 15 24 29 39 41 44 45
5 7 10 11 18 29 38 43
5 10 20 22 25 26 33 44
5 14 19 29 31 34 35 42
5 15 17 20 21 28 39 48
5 16 25 30 40 42 45 46
6 8 11 12 19 30 39 44
6 11 21 23 26 27 34 45
6 15 20 30 32 35 36 43
6 17 26 31 41 43 46 47
7 9 12 13 20 31 40 45
7 12 22 24 27 28 35 46
7 16 21 31 33 36 37 44
7 18 27 32 42 44 47 48
8 10 13 14 21 32 41 46
8 13 23 25 28 29 36 47
8 17 22 32 34 37 38 45
9 11 14 15 22 33 42 47
9 14 24 26 29 30 37 48
9 18 23 33 35 38 39 46
10 12 15 16 23 34 43 48
10 19 24 34 36 39 40 47
11 20 25 35 37 40 41 48
