1 4 12 20 21 25 27 39
1 5 7 19 29 32 40 48
1 9 10 14 16 28 38 41
1 9 17 18 22 24 36 46
1 11 14 22 30 31 35 37
1 13 23 26 34 42 43 47
2 3 7 9 21 31 34 42
2 4 16 26 29 37 45 46
2 5 13 21 22 26 28 40
2 10 11 15 17 29 39 42
2 10 18 19 23 25 37 47
2 12 15 23 31 32 36 38
2 14 24 27 35 43 44 48
3 4 8 10 22 32 35 43
3 5 17 27 30 38 46 47
3 6 14 22 23 27 29 41
3 11 12 16 18 30 40 43
3 11 19 20 24 26 38 48
3 13 16 24 32 33 37 39
4 5 9 11 23 33 36 44
4 6 18 28 31 39 47 48
4 7 15 23 24 28 30 42
4 12 13 17 19 31 41 44
4 14 17 25 33 34 38 40
5 6 10 12 24 34 37 45
5 8 16 24 25 29 31 43
5 13 14 18 20 32 42 45
5 15 18 26 34 35 39 41
6 7 11 13 25 35 38 46
6 9 17 25 26 30 32 44
6 14 15 19 21 33 43 46
6 16 19 27 35 36 40 42
7 8 12 14 26 36 39 47
7 10 18 26 27 31 33 45
7 15 16 20 22 34 44 47
7 17 20 28 36 37 41 43
8 9 13 15 27 37 40 48
8 11 19 27 28 32 34 46
8 16 17 21 23 35 45 48
8 18 21 29 37 38 42 44
9 12 20 28 29 33 35 47
9 19 22 30 38 39 43 45
10 13 21 29 30 34 36 48
10 20 23 31 39 40 44 46
11 21 24 32 40 41 45 47
12 22 25 33 41 42 46 48
