1 2 5 8 25 34 38 48
1 4 21 30 34 44 45 46
1 5 15 16 17 20 23 40
1 10 14 24 25 26 29 32
1 11 12 13 16 19 36 45
1 18 27 31 41 42 43 46
2 3 4 7 10 27 36 40
2 5 22 31 35 45 46 47
2 6 16 17 18 21 24 41
2 11 15 25 26 27 30 33
2 12 13 14 17 20 37 46
2 19 28 32 42 43 44 47
3 4 5 8 11 28 37 41
3 6 23 32 36 46 47 48
3 7 17 18 19 22 25 42
3 12 16 26 27 28 31 34
3 13 14 15 18 21 38 47
3 20 29 33 43 44 45 48
4 5 6 9 12 29 38 42
4 8 18 19 20 23 26 43
4 13 17 27 28 29 32 35
4 14 15 16 19 22 39 48
5 6 7 10 13 30 39 43
5 9 19 20 21 24 27 44
5 14 18 28 29 30 33 36
6 7 8 11 14 31 40 44
6 10 20 21 22 25 28 45
6 15 19 29 30 31 34 37
7 8 9 12 15 32 41 45
7 11 21 22 23 26 29 46
7 16 20 30 31 32 35 38
8 9 10 13 16 33 42 46
8 12 22 23 24 27 30 47
8 17 21 31 32 33 36 39
9 10 11 14 17 34 43 47
9 13 23 24 25 28 31 48
9 18 22 32 33 34 37 40
10 11 12 15 18 35 44 48
10 19 23 33 34 35 38 41
11 20 24 34 35 36 39 42
12 21 25 35 36 37 40 43
13 22 26 36 37 38 41 44
14 23 27 37 38 39 42 45
15 24 28 38 39 40 43 46
16 25 29 39 40 41 44 47
17 26 30 40 41 42 45 48
