1 3 6 11 14 26 27 45
1 4 9 12 24 25 43 47
1 5 7 10 15 18 30 31
1 6 9 21 22 40 44 46
1 13 14 32 36 38 41 46
1 19 23 25 28 33 36 48
2 3 21 25 27 30 35 38
2 4 7 12 15 27 28 46
2 5 10 13 25 26 44 48
2 5 17 18 36 40 42 45
2 6 8 11 16 19 31 32
2 7 10 22 23 41 45 47
2 14 15 33 37 39 42 47
3 4 22 26 28 31 36 39
3 5 8 13 16 28 29 47
3 6 18 19 37 41 43 46
3 7 9 12 17 20 32 33
3 8 11 23 24 42 46 48
3 15 16 34 38 40 43 48
4 5 23 27 29 32 37 40
4 6 9 14 17 29 30 48
4 7 19 20 38 42 44 47
4 8 10 13 18 21 33 34
5 6 24 28 30 33 38 41
5 8 20 21 39 43 45 48
5 9 11 14 19 22 34 35
6 7 25 29 31 34 39 42
6 10 12 15 20 23 35 36
7 8 26 30 32 35 40 43
7 11 13 16 21 24 36 37
8 9 27 31 33 36 41 44
8 12 14 17 22 25 37 38
9 10 28 32 34 37 42 45
9 13 15 18 23 26 38 39
10 11 29 33 35 38 43 46
10 14 16 19 24 27 39 40
11 12 30 34 36 39 44 47
11 15 17 20 25 28 40 41
12 13 31 35 37 40 45 48
12 16 18 21 26 29 41 42
13 17 19 22 27 30 42 43
14 18 20 23 28 31 43 44
15 19 21 24 29 32 44 45
16 20 22 25 30 33 45 46
17 21 23 26 31 34 46 47
18 22 24 27 32 35 47 48
