1 5 7 8 21 29 39 44
1 6 10 12 13 26 34 44
1 6 11 15 17 18 31 39
1 9 19 24 29 33 35 36
1 11 16 21 25 27 28 41
1 14 22 32 37 42 46 48
2 3 16 24 34 39 44 48
2 4 5 18 26 36 41 46
2 6 8 9 22 30 40 45
2 7 11 13 14 27 35 45
2 7 12 16 18 19 32 40
2 10 20 25 30 34 36 37
2 12 17 22 26 28 29 42
3 5 6 19 27 37 42 47
3 7 9 10 23 31 41 46
3 8 12 14 15 28 36 46
3 8 13 17 19 20 33 41
3 11 21 26 31 35 37 38
3 13 18 23 27 29 30 43
4 6 7 20 28 38 43 48
4 8 10 11 24 32 42 47
4 9 13 15 16 29 37 47
4 9 14 18 20 21 34 42
4 12 22 27 32 36 38 39
4 14 19 24 28 30 31 44
5 9 11 12 25 33 43 48
5 10 14 16 17 30 38 48
5 10 15 19 21 22 35 43
5 13 23 28 33 37 39 40
5 15 20 25 29 31 32 45
6 11 16 20 22 23 36 44
6 14 24 29 34 38 40 41
6 16 21 26 30 32 33 46
7 12 17 21 23 24 37 45
7 15 25 30 35 39 41 42
7 17 22 27 31 33 34 47
8 13 18 22 24 25 38 46
8 16 26 31 36 40 42 43
8 18 23 28 32 34 35 48
9 14 19 23 25 26 39 47
9 17 27 32 37 41 43 44
10 15 20 24 26 27 40 48
10 18 28 33 38 42 44 45
11 19 29 34 39 43 45 46
12 20 30 35 40 44 46 47
13 21 31 36 41 45 47 48
