1 3 9 24 29 38 41 42
1 6 15 18 19 26 28 34
1 7 22 27 36 39 40 47
1 8 10 16 31 36 45 48
1 10 13 14 21 23 29 44
1 16 21 30 33 34 41 43
2 3 10 12 18 33 38 47
2 4 10 25 30 39 42 43
2 5 6 13 15 21 36 41
2 7 16 19 20 27 29 35
2 8 23 28 37 40 41 48
2 11 14 15 22 24 30 45
2 17 22 31 34 35 42 44
3 4 11 13 19 34 39 48
3 5 11 26 31 40 43 44
3 6 7 14 16 22 37 42
3 8 17 20 21 28 30 36
3 12 15 16 23 25 31 46
3 18 23 32 35 36 43 45
4 6 12 27 32 41 44 45
4 7 8 15 17 23 38 43
4 9 18 21 22 29 31 37
4 13 16 17 24 26 32 47
4 19 24 33 36 37 44 46
5 7 13 28 33 42 45 46
5 8 9 16 18 24 39 44
5 10 19 22 23 30 32 38
5 14 17 18 25 27 33 48
5 20 25 34 37 38 45 47
6 8 14 29 34 43 46 47
6 9 10 17 19 25 40 45
6 11 20 23 24 31 33 39
6 21 26 35 38 39 46 48
7 9 15 30 35 44 47 48
7 10 11 18 20 26 41 46
7 12 21 24 25 32 34 40
8 11 12 19 21 27 42 47
8 13 22 25 26 33 35 41
9 12 13 20 22 28 43 48
9 14 23 26 27 34 36 42
10 15 24 27 28 35 37 43
11 16 25 28 29 36 38 44
12 17 26 29 30 37 39 45
13 18 27 30 31 38 40 46
14 19 28 31 32 39 41 47
15 20 29 32 33 40 42 48
