1 4 9 11 15 27 28 37
1 5 17 18 27 39 42 47
1 6 8 12 24 25 34 46
1 10 22 25 30 32 36 48
1 13 14 23 35 38 43 45
1 13 16 21 23 27 39 40
2 3 12 24 27 32 34 38
2 4 8 20 21 30 42 45
2 5 10 12 16 28 29 38
2 6 18 19 28 40 43 48
2 7 9 13 25 26 35 47
2 14 15 24 36 39 44 46
2 14 17 22 24 28 40 41
3 4 13 25 28 33 35 39
3 5 9 21 22 31 43 46
3 6 11 13 17 29 30 39
3 8 10 14 26 27 36 48
3 15 16 25 37 40 45 47
3 15 18 23 25 29 41 42
4 5 14 26 29 34 36 40
4 6 10 22 23 32 44 47
4 7 12 14 18 30 31 40
4 16 17 26 38 41 46 48
4 16 19 24 26 30 42 43
5 6 15 27 30 35 37 41
5 7 11 23 24 33 45 48
5 8 13 15 19 31 32 41
5 17 20 25 27 31 43 44
6 7 16 28 31 36 38 42
6 9 14 16 20 32 33 42
6 18 21 26 28 32 44 45
7 8 17 29 32 37 39 43
7 10 15 17 21 33 34 43
7 19 22 27 29 33 45 46
8 9 18 30 33 38 40 44
8 11 16 18 22 34 35 44
8 20 23 28 30 34 46 47
9 10 19 31 34 39 41 45
9 12 17 19 23 35 36 45
9 21 24 29 31 35 47 48
10 11 20 32 35 40 42 46
10 13 18 20 24 36 37 46
11 12 21 33 36 41 43 47
11 14 19 21 25 37 38 47
12 13 22 34 37 42 44 48
12 15 20 22 26 38 39 48
