1 4 11 27 28 37 41 47
1 5 11 13 16 23 39 40
1 7 9 12 19 35 36 45
1 8 24 25 34 38 44 46
1 10 14 20 22 25 32 48
1 17 18 27 31 37 39 42
2 3 12 16 22 24 27 34
2 4 7 14 30 31 40 44
2 5 12 28 29 38 42 48
2 6 12 14 17 24 40 41
2 8 10 13 20 36 37 46
2 9 25 26 35 39 45 47
2 18 19 28 32 38 40 43
3 4 13 17 23 25 28 35
3 5 8 15 31 32 41 45
3 7 13 15 18 25 41 42
3 9 11 14 21 37 38 47
3 10 26 27 36 40 46 48
3 19 20 29 33 39 41 44
4 5 14 18 24 26 29 36
4 6 9 16 32 33 42 46
4 8 14 16 19 26 42 43
4 10 12 15 22 38 39 48
4 20 21 30 34 40 42 45
5 6 15 19 25 27 30 37
5 7 10 17 33 34 43 47
5 9 15 17 20 27 43 44
5 21 22 31 35 41 43 46
6 7 16 20 26 28 31 38
6 8 11 18 34 35 44 48
6 10 16 18 21 28 44 45
6 22 23 32 36 42 44 47
7 8 17 21 27 29 32 39
7 11 17 19 22 29 45 46
7 23 24 33 37 43 45 48
8 9 18 22 28 30 33 40
8 12 18 20 23 30 46 47
9 10 19 23 29 31 34 41
9 13 19 21 24 31 47 48
10 11 20 24 30 32 35 42
11 12 21 25 31 33 36 43
12 13 22 26 32 34 37 44
13 14 23 27 33 35 38 45
14 15 24 28 34 36 39 46
15 16 25 29 35 37 40 47
16 17 26 30 36 38 41 48
