1 3 8 19 31 32 35 41
1 6 17 29 30 33 39 47
1 7 15 17 22 33 45 46
1 9 11 16 27 39 40 43
1 12 24 25 28 34 42 44
1 13 14 17 23 31 33 38
2 3 6 12 20 22 27 38
2 4 9 20 32 33 36 42
2 7 18 30 31 34 40 48
2 8 16 18 23 34 46 47
2 10 12 17 28 40 41 44
2 13 25 26 29 35 43 45
2 14 15 18 24 32 34 39
3 4 7 13 21 23 28 39
3 5 10 21 33 34 37 43
3 9 17 19 24 35 47 48
3 11 13 18 29 41 42 45
3 14 26 27 30 36 44 46
3 15 16 19 25 33 35 40
4 5 8 14 22 24 29 40
4 6 11 22 34 35 38 44
4 12 14 19 30 42 43 46
4 15 27 28 31 37 45 47
4 16 17 20 26 34 36 41
5 6 9 15 23 25 30 41
5 7 12 23 35 36 39 45
5 13 15 20 31 43 44 47
5 16 28 29 32 38 46 48
5 17 18 21 27 35 37 42
6 7 10 16 24 26 31 42
6 8 13 24 36 37 40 46
6 14 16 21 32 44 45 48
6 18 19 22 28 36 38 43
7 8 11 17 25 27 32 43
7 9 14 25 37 38 41 47
7 19 20 23 29 37 39 44
8 9 12 18 26 28 33 44
8 10 15 26 38 39 42 48
8 20 21 24 30 38 40 45
9 10 13 19 27 29 34 45
9 21 22 25 31 39 41 46
10 11 14 20 28 30 35 46
10 22 23 26 32 40 42 47
11 12 15 21 29 31 36 47
11 23 24 27 33 41 43 48
12 13 16 22 30 32 37 48
