1 4 8 13 32 34 38 48
1 5 10 29 31 35 45 46
1 5 15 16 19 23 28 47
1 6 25 27 31 41 42 45
1 11 12 15 19 24 43 45
1 20 22 26 36 37 40 44
2 3 6 10 15 34 36 40
2 4 8 18 19 22 26 31
2 6 11 30 32 36 46 47
2 6 16 17 20 24 29 48
2 7 26 28 32 42 43 46
2 12 13 16 20 25 44 46
2 21 23 27 37 38 41 45
3 4 7 11 16 35 37 41
3 5 9 19 20 23 27 32
3 7 12 31 33 37 47 48
3 8 27 29 33 43 44 47
3 13 14 17 21 26 45 47
3 22 24 28 38 39 42 46
4 5 8 12 17 36 38 42
4 6 10 20 21 24 28 33
4 9 28 30 34 44 45 48
4 14 15 18 22 27 46 48
4 23 25 29 39 40 43 47
5 6 9 13 18 37 39 43
5 7 11 21 22 25 29 34
5 24 26 30 40 41 44 48
6 7 10 14 19 38 40 44
6 8 12 22 23 26 30 35
7 8 11 15 20 39 41 45
7 9 13 23 24 27 31 36
8 9 12 16 21 40 42 46
8 10 14 24 25 28 32 37
9 10 13 17 22 41 43 47
9 11 15 25 26 29 33 38
10 11 14 18 23 42 44 48
10 12 16 26 27 30 34 39
11 13 17 27 28 31 35 40
12 14 18 28 29 32 36 41
13 15 19 29 30 33 37 42
14 16 20 30 31 34 38 43
15 17 21 31 32 35 39 44
16 18 22 32 33 36 40 45
17 19 23 33 34 37 41 46
18 20 24 34 35 38 42 47
19 21 25 35 36 39 43 48
