1 4 6 13 14 28 32 38
1 5 11 22 25 27 34 35
1 7 18 21 23 30 31 45
1 8 9 23 27 33 44 47
1 12 15 17 24 25 39 43
1 15 19 25 36 39 41 48
2 3 17 21 27 38 41 43
2 4 11 12 26 30 36 47
2 5 7 14 15 29 33 39
2 6 12 23 26 28 35 36
2 8 19 22 24 31 32 46
2 9 10 24 28 34 45 48
2 13 16 18 25 26 40 44
3 4 18 22 28 39 42 44
3 5 12 13 27 31 37 48
3 6 8 15 16 30 34 40
3 7 13 24 27 29 36 37
3 9 20 23 25 32 33 47
3 14 17 19 26 27 41 45
4 5 19 23 29 40 43 45
4 7 9 16 17 31 35 41
4 8 14 25 28 30 37 38
4 10 21 24 26 33 34 48
4 15 18 20 27 28 42 46
5 6 20 24 30 41 44 46
5 8 10 17 18 32 36 42
5 9 15 26 29 31 38 39
5 16 19 21 28 29 43 47
6 7 21 25 31 42 45 47
6 9 11 18 19 33 37 43
6 10 16 27 30 32 39 40
6 17 20 22 29 30 44 48
7 8 22 26 32 43 46 48
7 10 12 19 20 34 38 44
7 11 17 28 31 33 40 41
8 11 13 20 21 35 39 45
8 12 18 29 32 34 41 42
9 12 14 21 22 36 40 46
9 13 19 30 33 35 42 43
10 13 15 22 23 37 41 47
10 14 20 31 34 36 43 44
11 14 16 23 24 38 42 48
11 15 21 32 35 37 44 45
12 16 22 33 36 38 45 46
13 17 23 34 37 39 46 47
14 18 24 35 38 40 47 48
