1 5 6 8 21 27 39 45
1 5 9 10 12 25 31 43
1 7 11 15 16 18 31 37
1 7 19 25 29 33 34 36
1 13 19 23 27 28 30 43
1 14 20 32 38 42 46 47
2 3 5 18 24 36 42 46
2 6 7 9 22 28 40 46
2 6 10 11 13 26 32 44
2 8 12 16 17 19 32 38
2 8 20 26 30 34 35 37
2 14 20 24 28 29 31 44
2 15 21 33 39 43 47 48
3 4 6 19 25 37 43 47
3 7 8 10 23 29 41 47
3 7 11 12 14 27 33 45
3 9 13 17 18 20 33 39
3 9 21 27 31 35 36 38
3 15 21 25 29 30 32 45
4 5 7 20 26 38 44 48
4 8 9 11 24 30 42 48
4 8 12 13 15 28 34 46
4 10 14 18 19 21 34 40
4 10 22 28 32 36 37 39
4 16 22 26 30 31 33 46
5 9 13 14 16 29 35 47
5 11 15 19 20 22 35 41
5 11 23 29 33 37 38 40
5 17 23 27 31 32 34 47
6 10 14 15 17 30 36 48
6 12 16 20 21 23 36 42
6 12 24 30 34 38 39 41
6 18 24 28 32 33 35 48
7 13 17 21 22 24 37 43
7 13 25 31 35 39 40 42
8 14 18 22 23 25 38 44
8 14 26 32 36 40 41 43
9 15 19 23 24 26 39 45
9 15 27 33 37 41 42 44
10 16 20 24 25 27 40 46
10 16 28 34 38 42 43 45
11 17 21 25 26 28 41 47
11 17 29 35 39 43 44 46
12 18 22 26 27 29 42 48
12 18 30 36 40 44 45 47
13 19 31 37 41 45 46 48
