1 3 14 17 18 23 30 41
1 6 13 24 32 34 45 48
1 8 19 27 29 40 43 44
1 9 11 22 25 26 31 38
1 12 15 16 21 28 39 47
1 12 20 22 33 36 37 42
2 3 8 15 26 34 36 47
2 4 15 18 19 24 31 42
2 5 6 11 18 29 37 39
2 9 20 28 30 41 44 45
2 10 12 23 26 27 32 39
2 13 16 17 22 29 40 48
2 13 21 23 34 37 38 43
3 4 9 16 27 35 37 48
3 5 16 19 20 25 32 43
3 6 7 12 19 30 38 40
3 10 21 29 31 42 45 46
3 11 13 24 27 28 33 40
3 14 22 24 35 38 39 44
4 6 17 20 21 26 33 44
4 7 8 13 20 31 39 41
4 11 22 30 32 43 46 47
4 12 14 25 28 29 34 41
4 15 23 25 36 39 40 45
5 7 18 21 22 27 34 45
5 8 9 14 21 32 40 42
5 12 23 31 33 44 47 48
5 13 15 26 29 30 35 42
5 16 24 26 37 40 41 46
6 8 19 22 23 28 35 46
6 9 10 15 22 33 41 43
6 14 16 27 30 31 36 43
6 17 25 27 38 41 42 47
7 9 20 23 24 29 36 47
7 10 11 16 23 34 42 44
7 15 17 28 31 32 37 44
7 18 26 28 39 42 43 48
8 10 21 24 25 30 37 48
8 11 12 17 24 35 43 45
8 16 18 29 32 33 38 45
9 12 13 18 25 36 44 46
9 17 19 30 33 34 39 46
10 13 14 19 26 37 45 47
10 18 20 31 34 35 40 47
11 14 15 20 27 38 46 48
11 19 21 32 35 36 41 48
