1 2 6 10 11 13 26 32
1 3 16 22 39 40 44 48
1 5 6 8 21 27 44 45
1 7 24 25 29 33 34 36
1 14 20 37 38 42 46 47
1 18 19 23 27 28 30 43
2 3 5 18 24 41 42 46
2 3 7 11 12 14 27 33
2 6 7 9 22 28 45 46
2 8 25 26 30 34 35 37
2 15 21 38 39 43 47 48
2 19 20 24 28 29 31 44
3 4 6 19 25 42 43 47
3 4 8 12 13 15 28 34
3 7 8 10 23 29 46 47
3 9 26 27 31 35 36 38
3 20 21 25 29 30 32 45
4 5 7 20 26 43 44 48
4 5 9 13 14 16 29 35
4 8 9 11 24 30 47 48
4 10 27 28 32 36 37 39
4 21 22 26 30 31 33 46
5 6 10 14 15 17 30 36
5 11 28 29 33 37 38 40
5 22 23 27 31 32 34 47
6 7 11 15 16 18 31 37
6 12 29 30 34 38 39 41
6 23 24 28 32 33 35 48
7 8 12 16 17 19 32 38
7 13 30 31 35 39 40 42
8 9 13 17 18 20 33 39
8 14 31 32 36 40 41 43
9 10 14 18 19 21 34 40
9 15 32 33 37 41 42 44
10 11 15 19 20 22 35 41
10 16 33 34 38 42 43 45
11 12 16 20 21 23 36 42
11 17 34 35 39 43 44 46
12 13 17 21 22 24 37 43
12 18 35 36 40 44 45 47
13 14 18 22 23 25 38 44
13 19 36 37 41 45 46 48
14 15 19 23 24 26 39 45
15 16 20 24 25 27 40 46
16 17 21 25 26 28 41 47
17 18 22 26 27 29 42 48
