1 4 6 13 14 17 32 38
1 4 19 25 36 39 41 48
1 7 18 21 23 30 31 34
1 8 9 12 27 33 44 47
1 12 15 17 24 25 28 43
1 16 22 33 36 38 45 46
2 3 6 21 27 38 41 43
2 4 11 12 15 30 36 47
2 5 7 14 15 18 33 39
2 8 19 22 24 31 32 35
2 9 10 13 28 34 45 48
2 13 16 18 25 26 29 44
2 17 23 34 37 39 46 47
3 4 7 22 28 39 42 44
3 5 12 13 16 31 37 48
3 6 8 15 16 19 34 40
3 9 20 23 25 32 33 36
3 14 17 19 26 27 30 45
3 18 24 35 38 40 47 48
4 5 8 23 29 40 43 45
4 7 9 16 17 20 35 41
4 10 21 24 26 33 34 37
4 15 18 20 27 28 31 46
5 6 9 24 30 41 44 46
5 8 10 17 18 21 36 42
5 11 22 25 27 34 35 38
5 16 19 21 28 29 32 47
6 7 10 25 31 42 45 47
6 9 11 18 19 22 37 43
6 12 23 26 28 35 36 39
6 17 20 22 29 30 33 48
7 8 11 26 32 43 46 48
7 10 12 19 20 23 38 44
7 13 24 27 29 36 37 40
8 11 13 20 21 24 39 45
8 14 25 28 30 37 38 41
9 12 14 21 22 25 40 46
9 15 26 29 31 38 39 42
10 13 15 22 23 26 41 47
10 16 27 30 32 39 40 43
11 14 16 23 24 27 42 48
11 17 28 31 33 40 41 44
12 18 29 32 34 41 42 45
13 19 30 33 35 42 43 46
14 20 31 34 36 43 44 47
15 21 32 35 37 44 45 48
