1 4 22 29 33 38 46 48
1 5 10 18 20 21 24 42
1 6 14 16 17 20 38 45
1 8 12 17 25 27 28 31
1 9 11 12 15 33 40 44
1 19 26 30 35 43 45 46
2 3 6 24 31 35 40 48
2 4 5 8 26 33 37 42
2 6 11 19 21 22 25 43
2 7 15 17 18 21 39 46
2 9 13 18 26 28 29 32
2 10 12 13 16 34 41 45
2 20 27 31 36 44 46 47
3 5 6 9 27 34 38 43
3 7 12 20 22 23 26 44
3 8 16 18 19 22 40 47
3 10 14 19 27 29 30 33
3 11 13 14 17 35 42 46
3 21 28 32 37 45 47 48
4 6 7 10 28 35 39 44
4 8 13 21 23 24 27 45
4 9 17 19 20 23 41 48
4 11 15 20 28 30 31 34
4 12 14 15 18 36 43 47
5 7 8 11 29 36 40 45
5 9 14 22 24 25 28 46
5 12 16 21 29 31 32 35
5 13 15 16 19 37 44 48
6 8 9 12 30 37 41 46
6 10 15 23 25 26 29 47
6 13 17 22 30 32 33 36
7 9 10 13 31 38 42 47
7 11 16 24 26 27 30 48
7 14 18 23 31 33 34 37
8 10 11 14 32 39 43 48
8 15 19 24 32 34 35 38
9 16 20 25 33 35 36 39
10 17 21 26 34 36 37 40
11 18 22 27 35 37 38 41
12 19 23 28 36 38 39 42
13 20 24 29 37 39 40 43
14 21 25 30 38 40 41 44
15 22 26 31 39 41 42 45
16 23 27 32 40 42 43 46
17 24 28 33 41 43 44 47
18 25 29 34 42 44 45 48
