1 3 14 22 36 39 40 46
1 4 5 11 14 16 27 35
1 7 10 12 23 31 45 48
1 9 23 26 27 33 36 38
1 12 20 34 37 38 44 47
1 15 18 19 25 28 30 41
2 3 9 12 14 25 33 47
2 4 15 23 37 40 41 47
2 5 6 12 15 17 28 36
2 5 7 18 26 40 43 44
2 10 24 27 28 34 37 39
2 13 21 35 38 39 45 48
2 16 19 20 26 29 31 42
3 4 10 13 15 26 34 48
3 5 16 24 38 41 42 48
3 6 7 13 16 18 29 37
3 6 8 19 27 41 44 45
3 11 25 28 29 35 38 40
3 17 20 21 27 30 32 43
4 7 8 14 17 19 30 38
4 7 9 20 28 42 45 46
4 12 26 29 30 36 39 41
4 18 21 22 28 31 33 44
5 8 9 15 18 20 31 39
5 8 10 21 29 43 46 47
5 13 27 30 31 37 40 42
5 19 22 23 29 32 34 45
6 9 10 16 19 21 32 40
6 9 11 22 30 44 47 48
6 14 28 31 32 38 41 43
6 20 23 24 30 33 35 46
7 10 11 17 20 22 33 41
7 15 29 32 33 39 42 44
7 21 24 25 31 34 36 47
8 11 12 18 21 23 34 42
8 16 30 33 34 40 43 45
8 22 25 26 32 35 37 48
9 12 13 19 22 24 35 43
9 17 31 34 35 41 44 46
10 13 14 20 23 25 36 44
10 18 32 35 36 42 45 47
11 14 15 21 24 26 37 45
11 19 33 36 37 43 46 48
12 15 16 22 25 27 38 46
13 16 17 23 26 28 39 47
14 17 18 24 27 29 40 48
