1 4 8 10 14 32 37 48
1 5 7 11 29 34 45 46
1 5 23 28 39 40 43 47
1 6 17 18 21 25 27 31
1 12 13 16 20 22 26 44
1 19 24 35 36 39 43 45
2 3 6 10 12 16 34 39
2 4 8 26 31 42 43 46
2 6 8 12 30 35 46 47
2 6 24 29 40 41 44 48
2 7 18 19 22 26 28 32
2 13 14 17 21 23 27 45
2 20 25 36 37 40 44 46
3 4 7 11 13 17 35 40
3 5 9 27 32 43 44 47
3 7 9 13 31 36 47 48
3 8 19 20 23 27 29 33
3 14 15 18 22 24 28 46
3 21 26 37 38 41 45 47
4 5 8 12 14 18 36 41
4 6 10 28 33 44 45 48
4 9 20 21 24 28 30 34
4 15 16 19 23 25 29 47
4 22 27 38 39 42 46 48
5 6 9 13 15 19 37 42
5 10 21 22 25 29 31 35
5 16 17 20 24 26 30 48
6 7 10 14 16 20 38 43
6 11 22 23 26 30 32 36
7 8 11 15 17 21 39 44
7 12 23 24 27 31 33 37
8 9 12 16 18 22 40 45
8 13 24 25 28 32 34 38
9 10 13 17 19 23 41 46
9 14 25 26 29 33 35 39
10 11 14 18 20 24 42 47
10 15 26 27 30 34 36 40
11 12 15 19 21 25 43 48
11 16 27 28 31 35 37 41
12 17 28 29 32 36 38 42
13 18 29 30 33 37 39 43
14 19 30 31 34 38 40 44
15 20 31 32 35 39 41 45
16 21 32 33 36 40 42 46
17 22 33 34 37 41 43 47
18 23 34 35 38 42 44 48
