1 4 5 12 14 17 28 34
1 4 15 21 36 39 40 47
1 7 22 25 26 33 35 38
1 8 10 13 24 30 45 48
1 12 18 33 36 37 44 46
1 16 19 20 27 29 32 43
2 3 10 12 15 26 32 47
2 4 7 18 24 39 42 43
2 5 6 13 15 18 29 35
2 5 16 22 37 40 41 48
2 8 23 26 27 34 36 39
2 13 19 34 37 38 45 47
2 17 20 21 28 30 33 44
3 4 11 13 16 27 33 48
3 5 8 19 25 40 43 44
3 6 7 14 16 19 30 36
3 9 24 27 28 35 37 40
3 14 20 35 38 39 46 48
3 18 21 22 29 31 34 45
4 6 9 20 26 41 44 45
4 7 8 15 17 20 31 37
4 10 25 28 29 36 38 41
4 19 22 23 30 32 35 46
5 7 10 21 27 42 45 46
5 8 9 16 18 21 32 38
5 11 26 29 30 37 39 42
5 20 23 24 31 33 36 47
6 8 11 22 28 43 46 47
6 9 10 17 19 22 33 39
6 12 27 30 31 38 40 43
6 21 24 25 32 34 37 48
7 9 12 23 29 44 47 48
7 10 11 18 20 23 34 40
7 13 28 31 32 39 41 44
8 11 12 19 21 24 35 41
8 14 29 32 33 40 42 45
9 12 13 20 22 25 36 42
9 15 30 33 34 41 43 46
10 13 14 21 23 26 37 43
10 16 31 34 35 42 44 47
11 14 15 22 24 27 38 44
11 17 32 35 36 43 45 48
12 15 16 23 25 28 39 45
13 16 17 24 26 29 40 46
14 17 18 25 27 30 41 47
15 18 19 26 28 31 42 48
