1 3 11 21 37 38 40 44
1 5 10 12 20 30 46 47
1 6 8 16 26 42 43 45
1 9 19 35 36 38 42 47
1 11 27 28 30 34 39 41
1 17 18 20 24 29 31 39
2 3 5 9 14 16 24 34
2 4 12 22 38 39 41 45
2 6 11 13 21 31 47 48
2 7 9 17 27 43 44 46
2 10 20 36 37 39 43 48
2 12 28 29 31 35 40 42
2 18 19 21 25 30 32 40
3 4 6 10 15 17 25 35
3 5 13 23 39 40 42 46
3 8 10 18 28 44 45 47
3 13 29 30 32 36 41 43
3 19 20 22 26 31 33 41
4 5 7 11 16 18 26 36
4 6 14 24 40 41 43 47
4 9 11 19 29 45 46 48
4 14 30 31 33 37 42 44
4 20 21 23 27 32 34 42
5 6 8 12 17 19 27 37
5 7 15 25 41 42 44 48
5 15 31 32 34 38 43 45
5 21 22 24 28 33 35 43
6 7 9 13 18 20 28 38
6 16 32 33 35 39 44 46
6 22 23 25 29 34 36 44
7 8 10 14 19 21 29 39
7 17 33 34 36 40 45 47
7 23 24 26 30 35 37 45
8 9 11 15 20 22 30 40
8 18 34 35 37 41 46 48
8 24 25 27 31 36 38 46
9 10 12 16 21 23 31 41
9 25 26 28 32 37 39 47
10 11 13 17 22 24 32 42
10 26 27 29 33 38 40 48
11 12 14 18 23 25 33 43
12 13 15 19 24 26 34 44
13 14 16 20 25 27 35 45
14 15 17 21 26 28 36 46
15 16 18 22 27 29 37 47
16 17 19 23 28 30 38 48
