1 5 8 12 18 23 24 32
1 5 11 16 17 25 42 46
1 6 7 15 32 36 39 43
1 7 12 13 21 38 42 45
1 9 26 30 33 37 43 48
1 18 22 25 29 35 40 41
2 3 11 28 32 35 39 45
2 5 9 15 20 21 29 46
2 6 9 13 19 24 25 33
2 6 12 17 18 26 43 47
2 7 8 16 33 37 40 44
2 8 13 14 22 39 43 46
2 19 23 26 30 36 41 42
3 4 12 29 33 36 40 46
3 6 10 16 21 22 30 47
3 7 10 14 20 25 26 34
3 7 13 18 19 27 44 48
3 8 9 17 34 38 41 45
3 9 14 15 23 40 44 47
3 20 24 27 31 37 42 43
4 5 13 30 34 37 41 47
4 7 11 17 22 23 31 48
4 8 11 15 21 26 27 35
4 9 10 18 35 39 42 46
4 10 15 16 24 41 45 48
4 21 25 28 32 38 43 44
5 6 14 31 35 38 42 48
5 9 12 16 22 27 28 36
5 10 11 19 36 40 43 47
5 22 26 29 33 39 44 45
6 10 13 17 23 28 29 37
6 11 12 20 37 41 44 48
6 23 27 30 34 40 45 46
7 11 14 18 24 29 30 38
7 24 28 31 35 41 46 47
8 12 15 19 25 30 31 39
8 25 29 32 36 42 47 48
9 13 16 20 26 31 32 40
10 14 17 21 27 32 33 41
11 15 18 22 28 33 34 42
12 16 19 23 29 34 35 43
13 17 20 24 30 35 36 44
14 18 21 25 31 36 37 45
15 19 22 26 32 37 38 46
16 20 23 27 33 38 39 47
17 21 24 28 34 39 40 48
