1 4 17 28 29 33 35 43
1 5 7 15 21 24 37 48
1 7 10 23 34 35 39 41
1 9 15 18 31 42 43 47
1 12 13 17 19 27 33 36
1 14 25 26 30 32 40 46
2 3 7 9 17 23 26 39
2 4 12 18 21 34 45 46
2 5 18 29 30 34 36 44
2 8 11 24 35 36 40 42
2 10 16 19 32 43 44 48
2 13 14 18 20 28 34 37
2 15 26 27 31 33 41 47
3 4 8 10 18 24 27 40
3 5 13 19 22 35 46 47
3 6 19 30 31 35 37 45
3 9 12 25 36 37 41 43
3 14 15 19 21 29 35 38
3 16 27 28 32 34 42 48
4 5 9 11 19 25 28 41
4 6 14 20 23 36 47 48
4 7 20 31 32 36 38 46
4 10 13 26 37 38 42 44
4 15 16 20 22 30 36 39
5 6 10 12 20 26 29 42
5 8 21 32 33 37 39 47
5 11 14 27 38 39 43 45
5 16 17 21 23 31 37 40
6 7 11 13 21 27 30 43
6 9 22 33 34 38 40 48
6 12 15 28 39 40 44 46
6 17 18 22 24 32 38 41
7 8 12 14 22 28 31 44
7 13 16 29 40 41 45 47
7 18 19 23 25 33 39 42
8 9 13 15 23 29 32 45
8 14 17 30 41 42 46 48
8 19 20 24 26 34 40 43
9 10 14 16 24 30 33 46
9 20 21 25 27 35 41 44
10 11 15 17 25 31 34 47
10 21 22 26 28 36 42 45
11 12 16 18 26 32 35 48
11 22 23 27 29 37 43 46
12 23 24 28 30 38 44 47
13 24 25 29 31 39 45 48
