1 4 6 12 25 26 42 45
1 4 8 11 13 19 32 33
1 5 8 10 16 29 30 46
1 7 20 21 37 40 44 47
1 14 15 31 34 38 41 43
1 17 20 24 27 29 35 48
2 3 19 22 26 29 31 37
2 4 10 23 24 40 43 47
2 5 7 13 26 27 43 46
2 5 9 12 14 20 33 34
2 6 9 11 17 30 31 47
2 8 21 22 38 41 45 48
2 15 16 32 35 39 42 44
3 4 20 23 27 30 32 38
3 5 11 24 25 41 44 48
3 6 8 14 27 28 44 47
3 6 10 13 15 21 34 35
3 7 10 12 18 31 32 48
3 16 17 33 36 40 43 45
4 5 21 24 28 31 33 39
4 7 9 15 28 29 45 48
4 7 11 14 16 22 35 36
4 17 18 34 37 41 44 46
5 6 22 25 29 32 34 40
5 8 12 15 17 23 36 37
5 18 19 35 38 42 45 47
6 7 23 26 30 33 35 41
6 9 13 16 18 24 37 38
6 19 20 36 39 43 46 48
7 8 24 27 31 34 36 42
7 10 14 17 19 25 38 39
8 9 25 28 32 35 37 43
8 11 15 18 20 26 39 40
9 10 26 29 33 36 38 44
9 12 16 19 21 27 40 41
10 11 27 30 34 37 39 45
10 13 17 20 22 28 41 42
11 12 28 31 35 38 40 46
11 14 18 21 23 29 42 43
12 13 29 32 36 39 41 47
12 15 19 22 24 30 43 44
13 14 30 33 37 40 42 48
13 16 20 23 25 31 44 45
14 17 21 24 26 32 45 46
15 18 22 25 27 33 46 47
16 19 23 26 28 34 47 48
