1 4 5 10 20 32 34 45
1 5 8 9 14 24 36 38
1 6 16 28 30 41 45 48
1 11 23 25 36 40 43 44
1 12 16 19 20 25 35 47
1 13 15 26 30 33 34 39
2 3 8 18 30 32 43 47
2 4 15 19 22 23 28 38
2 5 6 11 21 33 35 46
2 6 9 10 15 25 37 39
2 12 24 26 37 41 44 45
2 13 17 20 21 26 36 48
2 14 16 27 31 34 35 40
3 4 9 19 31 33 44 48
3 5 16 20 23 24 29 39
3 6 7 12 22 34 36 47
3 7 10 11 16 26 38 40
3 13 25 27 38 42 45 46
3 15 17 28 32 35 36 41
4 6 17 21 24 25 30 40
4 7 8 13 23 35 37 48
4 8 11 12 17 27 39 41
4 14 26 28 39 43 46 47
4 16 18 29 33 36 37 42
5 7 18 22 25 26 31 41
5 9 12 13 18 28 40 42
5 15 27 29 40 44 47 48
5 17 19 30 34 37 38 43
6 8 19 23 26 27 32 42
6 10 13 14 19 29 41 43
6 18 20 31 35 38 39 44
7 9 20 24 27 28 33 43
7 11 14 15 20 30 42 44
7 19 21 32 36 39 40 45
8 10 21 25 28 29 34 44
8 12 15 16 21 31 43 45
8 20 22 33 37 40 41 46
9 11 22 26 29 30 35 45
9 13 16 17 22 32 44 46
9 21 23 34 38 41 42 47
10 12 23 27 30 31 36 46
10 14 17 18 23 33 45 47
10 22 24 35 39 42 43 48
11 13 24 28 31 32 37 47
11 15 18 19 24 34 46 48
12 14 25 29 32 33 38 48
