1 3 9 10 19 23 27 46
1 5 9 28 31 33 39 40
1 5 24 27 29 35 36 45
1 7 8 17 21 25 44 47
1 10 14 18 37 40 42 48
1 20 23 25 31 32 41 45
2 3 12 16 20 39 42 44
2 4 10 11 20 24 28 47
2 5 7 13 14 23 27 31
2 6 10 29 32 34 40 41
2 6 25 28 30 36 37 46
2 8 9 18 22 26 45 48
2 21 24 26 32 33 42 46
3 4 13 17 21 40 43 45
3 5 11 12 21 25 29 48
3 6 8 14 15 24 28 32
3 7 11 30 33 35 41 42
3 7 26 29 31 37 38 47
3 22 25 27 33 34 43 47
4 5 14 18 22 41 44 46
4 7 9 15 16 25 29 33
4 8 12 31 34 36 42 43
4 8 27 30 32 38 39 48
4 23 26 28 34 35 44 48
5 6 15 19 23 42 45 47
5 8 10 16 17 26 30 34
5 9 13 32 35 37 43 44
6 7 16 20 24 43 46 48
6 9 11 17 18 27 31 35
6 10 14 33 36 38 44 45
7 10 12 18 19 28 32 36
7 11 15 34 37 39 45 46
8 11 13 19 20 29 33 37
8 12 16 35 38 40 46 47
9 12 14 20 21 30 34 38
9 13 17 36 39 41 47 48
10 13 15 21 22 31 35 39
11 14 16 22 23 32 36 40
12 15 17 23 24 33 37 41
13 16 18 24 25 34 38 42
14 17 19 25 26 35 39 43
15 18 20 26 27 36 40 44
16 19 21 27 28 37 41 45
17 20 22 28 29 38 42 46
18 21 23 29 30 39 43 47
19 22 24 30 31 40 44 48
