1 4 5 26 29 34 36 40
1 4 9 11 15 24 27 28
1 5 14 17 18 39 42 47
1 6 8 12 21 24 25 46
1 10 13 14 35 38 43 45
1 22 25 30 32 36 45 48
2 3 24 27 32 34 38 47
2 4 8 17 20 21 42 45
2 5 6 27 30 35 37 41
2 5 10 12 16 25 28 29
2 6 15 18 19 40 43 48
2 7 9 13 22 25 26 47
2 11 14 15 36 39 44 46
3 4 25 28 33 35 39 48
3 5 9 18 21 22 43 46
3 6 7 28 31 36 38 42
3 6 11 13 17 26 29 30
3 8 10 14 23 26 27 48
3 12 15 16 37 40 45 47
4 6 10 19 22 23 44 47
4 7 8 29 32 37 39 43
4 7 12 14 18 27 30 31
4 13 16 17 38 41 46 48
5 7 11 20 23 24 45 48
5 8 9 30 33 38 40 44
5 8 13 15 19 28 31 32
6 9 10 31 34 39 41 45
6 9 14 16 20 29 32 33
7 10 11 32 35 40 42 46
7 10 15 17 21 30 33 34
8 11 12 33 36 41 43 47
8 11 16 18 22 31 34 35
9 12 13 34 37 42 44 48
9 12 17 19 23 32 35 36
10 13 18 20 24 33 36 37
11 14 19 21 25 34 37 38
12 15 20 22 26 35 38 39
13 16 21 23 27 36 39 40
14 17 22 24 28 37 40 41
15 18 23 25 29 38 41 42
16 19 24 26 30 39 42 43
17 20 25 27 31 40 43 44
18 21 26 28 32 41 44 45
19 22 27 29 33 42 45 46
20 23 28 30 34 43 46 47
21 24 29 31 35 44 47 48
