1 3 6 25 26 36 42 46
1 4 23 24 34 40 44 47
1 5 8 10 13 32 33 43
1 7 11 14 16 19 38 39
1 11 17 21 24 26 29 48
1 20 21 31 37 41 44 46
2 3 13 19 23 26 28 31
2 4 7 26 27 37 43 47
2 5 7 10 29 30 40 46
2 5 24 25 35 41 45 48
2 6 9 11 14 33 34 44
2 8 12 15 17 20 39 40
2 21 22 32 38 42 45 47
3 4 14 20 24 27 29 32
3 5 8 27 28 38 44 48
3 6 8 11 30 31 41 47
3 7 10 12 15 34 35 45
3 9 13 16 18 21 40 41
3 22 23 33 39 43 46 48
4 5 15 21 25 28 30 33
4 7 9 12 31 32 42 48
4 8 11 13 16 35 36 46
4 10 14 17 19 22 41 42
5 6 16 22 26 29 31 34
5 9 12 14 17 36 37 47
5 11 15 18 20 23 42 43
6 7 17 23 27 30 32 35
6 10 13 15 18 37 38 48
6 12 16 19 21 24 43 44
7 8 18 24 28 31 33 36
7 13 17 20 22 25 44 45
8 9 19 25 29 32 34 37
8 14 18 21 23 26 45 46
9 10 20 26 30 33 35 38
9 15 19 22 24 27 46 47
10 11 21 27 31 34 36 39
10 16 20 23 25 28 47 48
11 12 22 28 32 35 37 40
12 13 23 29 33 36 38 41
13 14 24 30 34 37 39 42
14 15 25 31 35 38 40 43
15 16 26 32 36 39 41 44
16 17 27 33 37 40 42 45
17 18 28 34 38 41 43 46
18 19 29 35 39 42 44 47
19 20 30 36 40 43 45 48
