1 3 15 18 22 25 26 31
1 4 5 10 28 30 42 45
1 5 8 9 14 32 34 46
1 6 24 26 38 41 45 48
1 13 16 20 23 24 29 47
1 19 21 33 36 40 43 44
2 3 8 26 28 40 43 47
2 4 16 19 23 26 27 32
2 5 6 11 29 31 43 46
2 5 9 12 13 18 36 38
2 6 9 10 15 33 35 47
2 14 17 21 24 25 30 48
2 20 22 34 37 41 44 45
3 4 9 27 29 41 44 48
3 5 17 20 24 27 28 33
3 6 7 12 30 32 44 47
3 6 10 13 14 19 37 39
3 7 10 11 16 34 36 48
3 21 23 35 38 42 45 46
4 6 18 21 25 28 29 34
4 7 8 13 31 33 45 48
4 7 11 14 15 20 38 40
4 22 24 36 39 43 46 47
5 7 19 22 26 29 30 35
5 8 12 15 16 21 39 41
5 23 25 37 40 44 47 48
6 8 20 23 27 30 31 36
6 9 13 16 17 22 40 42
7 9 21 24 28 31 32 37
7 10 14 17 18 23 41 43
8 10 22 25 29 32 33 38
8 11 15 18 19 24 42 44
9 11 23 26 30 33 34 39
9 12 16 19 20 25 43 45
10 12 24 27 31 34 35 40
10 13 17 20 21 26 44 46
11 13 25 28 32 35 36 41
11 14 18 21 22 27 45 47
12 14 26 29 33 36 37 42
12 15 19 22 23 28 46 48
13 15 27 30 34 37 38 43
14 16 28 31 35 38 39 44
15 17 29 32 36 39 40 45
16 18 30 33 37 40 41 46
17 19 31 34 38 41 42 47
18 20 32 35 39 42 43 48
