1 4 9 15 17 20 27 48
1 4 11 32 33 36 41 47
1 6 12 14 17 24 45 46
1 7 9 12 19 40 41 44
1 8 29 30 33 38 44 46
1 22 23 26 31 37 39 42
2 3 6 11 17 19 22 29
2 4 7 14 35 36 39 44
2 5 12 33 34 37 42 48
2 7 13 15 18 25 46 47
2 8 10 13 20 41 42 45
2 9 30 31 34 39 45 47
2 23 24 27 32 38 40 43
3 4 7 12 18 20 23 30
3 5 8 15 36 37 40 45
3 8 14 16 19 26 47 48
3 9 11 14 21 42 43 46
3 10 31 32 35 40 46 48
3 24 25 28 33 39 41 44
4 5 8 13 19 21 24 31
4 6 9 16 37 38 41 46
4 10 12 15 22 43 44 47
4 25 26 29 34 40 42 45
5 6 9 14 20 22 25 32
5 7 10 17 38 39 42 47
5 11 13 16 23 44 45 48
5 26 27 30 35 41 43 46
6 7 10 15 21 23 26 33
6 8 11 18 39 40 43 48
6 27 28 31 36 42 44 47
7 8 11 16 22 24 27 34
7 28 29 32 37 43 45 48
8 9 12 17 23 25 28 35
9 10 13 18 24 26 29 36
10 11 14 19 25 27 30 37
11 12 15 20 26 28 31 38
12 13 16 21 27 29 32 39
13 14 17 22 28 30 33 40
14 15 18 23 29 31 34 41
15 16 19 24 30 32 35 42
16 17 20 25 31 33 36 43
17 18 21 26 32 34 37 44
18 19 22 27 33 35 38 45
19 20 23 28 34 36 39 46
20 21 24 29 35 37 40 47
21 22 25 30 36 38 41 48
