1 3 21 26 27 30 34 37
1 4 16 18 36 41 42 45
1 5 8 20 22 40 45 46
1 6 7 10 14 17 29 31
1 13 15 33 38 39 42 46
1 19 24 25 28 32 35 47
2 3 6 10 13 25 27 45
2 4 22 27 28 31 35 38
2 5 17 19 37 42 43 46
2 6 9 21 23 41 46 47
2 7 8 11 15 18 30 32
2 14 16 34 39 40 43 47
2 20 25 26 29 33 36 48
3 4 7 11 14 26 28 46
3 5 23 28 29 32 36 39
3 6 18 20 38 43 44 47
3 7 10 22 24 42 47 48
3 8 9 12 16 19 31 33
3 15 17 35 40 41 44 48
4 5 8 12 15 27 29 47
4 6 24 29 30 33 37 40
4 7 19 21 39 44 45 48
4 9 10 13 17 20 32 34
5 6 9 13 16 28 30 48
5 7 25 30 31 34 38 41
5 10 11 14 18 21 33 35
6 8 26 31 32 35 39 42
6 11 12 15 19 22 34 36
7 9 27 32 33 36 40 43
7 12 13 16 20 23 35 37
8 10 28 33 34 37 41 44
8 13 14 17 21 24 36 38
9 11 29 34 35 38 42 45
9 14 15 18 22 25 37 39
10 12 30 35 36 39 43 46
10 15 16 19 23 26 38 40
11 13 31 36 37 40 44 47
11 16 17 20 24 27 39 41
12 14 32 37 38 41 45 48
12 17 18 21 25 28 40 42
13 18 19 22 26 29 41 43
14 19 20 23 27 30 42 44
15 20 21 24 28 31 43 45
16 21 22 25 29 32 44 46
17 22 23 26 30 33 45 47
18 23 24 27 31 34 46 48
