1 3 10 29 34 35 37 47
1 3 13 15 17 24 43 48
1 6 7 9 19 21 23 30
1 8 27 32 33 35 45 47
1 11 13 15 22 41 46 47
1 20 25 26 28 38 40 42
2 3 5 15 17 19 26 45
2 4 6 13 32 37 38 40
2 4 11 30 35 36 38 48
2 7 8 10 20 22 24 31
2 9 28 33 34 36 46 48
2 12 14 16 23 42 47 48
2 21 26 27 29 39 41 43
3 4 6 16 18 20 27 46
3 5 7 14 33 38 39 41
3 8 9 11 21 23 25 32
3 22 27 28 30 40 42 44
4 5 7 17 19 21 28 47
4 6 8 15 34 39 40 42
4 9 10 12 22 24 26 33
4 23 28 29 31 41 43 45
5 6 8 18 20 22 29 48
5 7 9 16 35 40 41 43
5 10 11 13 23 25 27 34
5 24 29 30 32 42 44 46
6 8 10 17 36 41 42 44
6 11 12 14 24 26 28 35
6 25 30 31 33 43 45 47
7 9 11 18 37 42 43 45
7 12 13 15 25 27 29 36
7 26 31 32 34 44 46 48
8 10 12 19 38 43 44 46
8 13 14 16 26 28 30 37
9 11 13 20 39 44 45 47
9 14 15 17 27 29 31 38
10 12 14 21 40 45 46 48
10 15 16 18 28 30 32 39
11 16 17 19 29 31 33 40
12 17 18 20 30 32 34 41
13 18 19 21 31 33 35 42
14 19 20 22 32 34 36 43
15 20 21 23 33 35 37 44
16 21 22 24 34 36 38 45
17 22 23 25 35 37 39 46
18 23 24 26 36 38 40 47
19 24 25 27 37 39 41 48
