1 3 16 23 35 40 41 44
1 6 7 10 15 17 30 37
1 6 8 21 28 40 45 46
1 8 20 25 26 29 34 36
1 13 18 19 22 27 29 42
1 14 21 33 38 39 42 47
2 3 6 11 13 26 33 45
2 4 17 24 36 41 42 45
2 7 8 11 16 18 31 38
2 7 9 22 29 41 46 47
2 9 21 26 27 30 35 37
2 14 19 20 23 28 30 43
2 15 22 34 39 40 43 48
3 4 7 12 14 27 34 46
3 5 18 25 37 42 43 46
3 8 9 12 17 19 32 39
3 8 10 23 30 42 47 48
3 10 22 27 28 31 36 38
3 15 20 21 24 29 31 44
4 5 8 13 15 28 35 47
4 6 19 26 38 43 44 47
4 9 10 13 18 20 33 40
4 11 23 28 29 32 37 39
4 16 21 22 25 30 32 45
5 6 9 14 16 29 36 48
5 7 20 27 39 44 45 48
5 10 11 14 19 21 34 41
5 12 24 29 30 33 38 40
5 17 22 23 26 31 33 46
6 11 12 15 20 22 35 42
6 13 25 30 31 34 39 41
6 18 23 24 27 32 34 47
7 12 13 16 21 23 36 43
7 14 26 31 32 35 40 42
7 19 24 25 28 33 35 48
8 13 14 17 22 24 37 44
8 15 27 32 33 36 41 43
9 14 15 18 23 25 38 45
9 16 28 33 34 37 42 44
10 15 16 19 24 26 39 46
10 17 29 34 35 38 43 45
11 16 17 20 25 27 40 47
11 18 30 35 36 39 44 46
12 17 18 21 26 28 41 48
12 19 31 36 37 40 45 47
13 20 32 37 38 41 46 48
