1 3 10 22 32 38 46 47
1 7 15 16 18 20 27 39
1 8 20 30 36 44 45 47
1 9 10 12 14 21 33 43
1 11 17 25 26 28 30 37
1 13 23 29 37 38 40 42
2 3 5 7 14 26 36 42
2 4 11 23 33 39 47 48
2 8 16 17 19 21 28 40
2 9 21 31 37 45 46 48
2 10 11 13 15 22 34 44
2 12 18 26 27 29 31 38
2 14 24 30 38 39 41 43
3 4 6 8 15 27 37 43
3 9 17 18 20 22 29 41
3 11 12 14 16 23 35 45
3 13 19 27 28 30 32 39
3 15 25 31 39 40 42 44
4 5 7 9 16 28 38 44
4 10 18 19 21 23 30 42
4 12 13 15 17 24 36 46
4 14 20 28 29 31 33 40
4 16 26 32 40 41 43 45
5 6 8 10 17 29 39 45
5 11 19 20 22 24 31 43
5 13 14 16 18 25 37 47
5 15 21 29 30 32 34 41
5 17 27 33 41 42 44 46
6 7 9 11 18 30 40 46
6 12 20 21 23 25 32 44
6 14 15 17 19 26 38 48
6 16 22 30 31 33 35 42
6 18 28 34 42 43 45 47
7 8 10 12 19 31 41 47
7 13 21 22 24 26 33 45
7 17 23 31 32 34 36 43
7 19 29 35 43 44 46 48
8 9 11 13 20 32 42 48
8 14 22 23 25 27 34 46
8 18 24 32 33 35 37 44
9 15 23 24 26 28 35 47
9 19 25 33 34 36 38 45
10 16 24 25 27 29 36 48
10 20 26 34 35 37 39 46
11 21 27 35 36 38 40 47
12 22 28 36 37 39 41 48
