1 4 8 20 25 26 34 36
1 5 17 22 23 31 33 46
1 6 7 15 17 30 33 37
1 9 11 24 27 31 43 48
1 13 18 19 27 29 42 45
1 14 17 21 33 38 39 47
2 3 11 13 26 29 33 45
2 4 17 20 24 36 41 42
2 5 9 21 26 27 35 37
2 6 18 23 24 32 34 47
2 7 8 16 18 31 34 38
2 14 19 20 28 30 43 46
2 15 18 22 34 39 40 48
3 4 12 14 27 30 34 46
3 5 18 21 25 37 42 43
3 6 10 22 27 28 36 38
3 7 19 24 25 33 35 48
3 8 9 17 19 32 35 39
3 15 20 21 29 31 44 47
4 5 13 15 28 31 35 47
4 6 19 22 26 38 43 44
4 7 11 23 28 29 37 39
4 9 10 18 20 33 36 40
4 16 21 22 30 32 45 48
5 6 14 16 29 32 36 48
5 7 20 23 27 39 44 45
5 8 12 24 29 30 38 40
5 10 11 19 21 34 37 41
6 8 21 24 28 40 45 46
6 9 13 25 30 31 39 41
6 11 12 20 22 35 38 42
7 9 22 25 29 41 46 47
7 10 14 26 31 32 40 42
7 12 13 21 23 36 39 43
8 10 23 26 30 42 47 48
8 11 15 27 32 33 41 43
8 13 14 22 24 37 40 44
9 12 16 28 33 34 42 44
9 14 15 23 25 38 41 45
10 13 17 29 34 35 43 45
10 15 16 24 26 39 42 46
11 14 18 30 35 36 44 46
11 16 17 25 27 40 43 47
12 15 19 31 36 37 45 47
12 17 18 26 28 41 44 48
13 16 20 32 37 38 46 48
