1 3 8 12 13 16 27 33
1 5 6 9 20 26 42 44
1 6 10 11 14 25 31 47
1 7 23 25 30 34 35 38
1 12 18 34 36 41 45 46
1 17 19 24 28 29 32 43
2 3 6 17 23 39 41 46
2 4 9 13 14 17 28 34
2 6 7 10 21 27 43 45
2 7 11 12 15 26 32 48
2 8 24 26 31 35 36 39
2 13 19 35 37 42 46 47
2 18 20 25 29 30 33 44
3 4 7 18 24 40 42 47
3 5 10 14 15 18 29 35
3 7 8 11 22 28 44 46
3 9 25 27 32 36 37 40
3 14 20 36 38 43 47 48
3 19 21 26 30 31 34 45
4 5 8 19 25 41 43 48
4 6 11 15 16 19 30 36
4 8 9 12 23 29 45 47
4 10 26 28 33 37 38 41
4 20 22 27 31 32 35 46
5 7 12 16 17 20 31 37
5 9 10 13 24 30 46 48
5 11 27 29 34 38 39 42
5 21 23 28 32 33 36 47
6 8 13 17 18 21 32 38
6 12 28 30 35 39 40 43
6 22 24 29 33 34 37 48
7 9 14 18 19 22 33 39
7 13 29 31 36 40 41 44
8 10 15 19 20 23 34 40
8 14 30 32 37 41 42 45
9 11 16 20 21 24 35 41
9 15 31 33 38 42 43 46
10 12 17 21 22 25 36 42
10 16 32 34 39 43 44 47
11 13 18 22 23 26 37 43
11 17 33 35 40 44 45 48
12 14 19 23 24 27 38 44
13 15 20 24 25 28 39 45
14 16 21 25 26 29 40 46
15 17 22 26 27 30 41 47
16 18 23 27 28 31 42 48
