1 3 5 12 22 33 45 46
1 4 6 8 15 25 36 48
1 8 18 29 41 42 45 47
1 11 22 34 35 38 40 42
1 12 24 25 28 30 32 39
1 13 14 17 19 21 28 38
2 3 6 8 10 17 27 38
2 4 6 13 23 34 46 47
2 4 11 21 32 44 45 48
2 9 19 30 42 43 46 48
2 12 23 35 36 39 41 43
2 13 25 26 29 31 33 40
2 14 15 18 20 22 29 39
3 4 7 9 11 18 28 39
3 5 7 14 24 35 47 48
3 13 24 36 37 40 42 44
3 14 26 27 30 32 34 41
3 15 16 19 21 23 30 40
4 5 8 10 12 19 29 40
4 14 25 37 38 41 43 45
4 15 27 28 31 33 35 42
4 16 17 20 22 24 31 41
5 6 9 11 13 20 30 41
5 15 26 38 39 42 44 46
5 16 28 29 32 34 36 43
5 17 18 21 23 25 32 42
6 7 10 12 14 21 31 42
6 16 27 39 40 43 45 47
6 17 29 30 33 35 37 44
6 18 19 22 24 26 33 43
7 8 11 13 15 22 32 43
7 17 28 40 41 44 46 48
7 18 30 31 34 36 38 45
7 19 20 23 25 27 34 44
8 9 12 14 16 23 33 44
8 19 31 32 35 37 39 46
8 20 21 24 26 28 35 45
9 10 13 15 17 24 34 45
9 20 32 33 36 38 40 47
9 21 22 25 27 29 36 46
10 11 14 16 18 25 35 46
10 21 33 34 37 39 41 48
10 22 23 26 28 30 37 47
11 12 15 17 19 26 36 47
11 23 24 27 29 31 38 48
12 13 16 18 20 27 37 48
