1 2 15 26 28 40 43 44
1 4 5 10 11 24 35 37
1 6 7 20 31 33 45 48
1 12 14 26 29 30 35 36
1 13 16 17 22 23 36 47
1 14 25 27 39 42 43 48
2 3 8 9 22 33 35 47
2 3 16 27 29 41 44 45
2 4 16 19 20 25 26 39
2 5 6 11 12 25 36 38
2 13 15 27 30 31 36 37
2 14 17 18 23 24 37 48
3 4 9 10 23 34 36 48
3 4 17 28 30 42 45 46
3 5 17 20 21 26 27 40
3 6 7 12 13 26 37 39
3 14 16 28 31 32 37 38
4 5 18 29 31 43 46 47
4 6 18 21 22 27 28 41
4 7 8 13 14 27 38 40
4 15 17 29 32 33 38 39
5 6 19 30 32 44 47 48
5 7 19 22 23 28 29 42
5 8 9 14 15 28 39 41
5 16 18 30 33 34 39 40
6 8 20 23 24 29 30 43
6 9 10 15 16 29 40 42
6 17 19 31 34 35 40 41
7 9 21 24 25 30 31 44
7 10 11 16 17 30 41 43
7 18 20 32 35 36 41 42
8 10 22 25 26 31 32 45
8 11 12 17 18 31 42 44
8 19 21 33 36 37 42 43
9 11 23 26 27 32 33 46
9 12 13 18 19 32 43 45
9 20 22 34 37 38 43 44
10 12 24 27 28 33 34 47
10 13 14 19 20 33 44 46
10 21 23 35 38 39 44 45
11 13 25 28 29 34 35 48
11 14 15 20 21 34 45 47
11 22 24 36 39 40 45 46
12 15 16 21 22 35 46 48
12 23 25 37 40 41 46 47
13 24 26 38 41 42 47 48
