1 2 10 13 20 28 44 48
1 4 11 19 35 39 40 41
1 8 16 32 36 37 38 46
1 9 12 19 27 43 47 48
1 9 25 29 30 31 39 42
1 17 21 22 23 31 34 41
2 3 4 12 15 22 30 46
2 5 12 20 36 40 41 42
2 6 7 8 16 19 26 34
2 9 17 33 37 38 39 47
2 10 26 30 31 32 40 43
2 18 22 23 24 32 35 42
3 4 5 13 16 23 31 47
3 6 13 21 37 41 42 43
3 7 8 9 17 20 27 35
3 10 18 34 38 39 40 48
3 11 27 31 32 33 41 44
3 19 23 24 25 33 36 43
4 5 6 14 17 24 32 48
4 7 14 22 38 42 43 44
4 8 9 10 18 21 28 36
4 12 28 32 33 34 42 45
4 20 24 25 26 34 37 44
5 8 15 23 39 43 44 45
5 9 10 11 19 22 29 37
5 13 29 33 34 35 43 46
5 21 25 26 27 35 38 45
6 9 16 24 40 44 45 46
6 10 11 12 20 23 30 38
6 14 30 34 35 36 44 47
6 22 26 27 28 36 39 46
7 10 17 25 41 45 46 47
7 11 12 13 21 24 31 39
7 15 31 35 36 37 45 48
7 23 27 28 29 37 40 47
8 11 18 26 42 46 47 48
8 12 13 14 22 25 32 40
8 24 28 29 30 38 41 48
9 13 14 15 23 26 33 41
10 14 15 16 24 27 34 42
11 15 16 17 25 28 35 43
12 16 17 18 26 29 36 44
13 17 18 19 27 30 37 45
14 18 19 20 28 31 38 46
15 19 20 21 29 32 39 47
16 20 21 22 30 33 40 48
