1 3 5 25 26 32 35 40
1 4 9 18 20 22 42 43
1 6 15 17 19 39 40 46
1 7 10 15 24 26 28 48
1 10 12 14 34 35 41 44
1 21 22 28 31 36 45 47
2 3 9 12 17 26 28 30
2 4 6 26 27 33 36 41
2 4 24 25 31 34 39 48
2 5 10 19 21 23 43 44
2 7 16 18 20 40 41 47
2 11 13 15 35 36 42 45
2 22 23 29 32 37 46 48
3 4 10 13 18 27 29 31
3 5 7 27 28 34 37 42
3 6 11 20 22 24 44 45
3 8 17 19 21 41 42 48
3 12 14 16 36 37 43 46
4 5 11 14 19 28 30 32
4 6 8 28 29 35 38 43
4 7 12 21 23 25 45 46
4 13 15 17 37 38 44 47
5 6 12 15 20 29 31 33
5 7 9 29 30 36 39 44
5 8 13 22 24 26 46 47
5 14 16 18 38 39 45 48
6 7 13 16 21 30 32 34
6 8 10 30 31 37 40 45
6 9 14 23 25 27 47 48
7 8 14 17 22 31 33 35
7 9 11 31 32 38 41 46
8 9 15 18 23 32 34 36
8 10 12 32 33 39 42 47
9 10 16 19 24 33 35 37
9 11 13 33 34 40 43 48
10 11 17 20 25 34 36 38
11 12 18 21 26 35 37 39
12 13 19 22 27 36 38 40
13 14 20 23 28 37 39 41
14 15 21 24 29 38 40 42
15 16 22 25 30 39 41 43
16 17 23 26 31 40 42 44
17 18 24 27 32 41 43 45
18 19 25 28 33 42 44 46
19 20 26 29 34 43 45 47
20 21 27 30 35 44 46 48
