1 2 9 16 22 39 45 48
1 7 10 11 12 19 26 32
1 7 24 30 33 34 35 42
1 8 14 31 37 40 41 42
1 8 15 21 38 44 47 48
1 18 24 27 28 29 36 43
2 3 4 11 18 24 41 47
2 5 6 7 14 21 27 44
2 8 11 12 13 20 27 33
2 8 25 31 34 35 36 43
2 9 15 32 38 41 42 43
2 19 25 28 29 30 37 44
3 4 5 12 19 25 42 48
3 6 7 8 15 22 28 45
3 9 12 13 14 21 28 34
3 9 26 32 35 36 37 44
3 10 16 33 39 42 43 44
3 20 26 29 30 31 38 45
4 7 8 9 16 23 29 46
4 10 13 14 15 22 29 35
4 10 27 33 36 37 38 45
4 11 17 34 40 43 44 45
4 21 27 30 31 32 39 46
5 8 9 10 17 24 30 47
5 11 14 15 16 23 30 36
5 11 28 34 37 38 39 46
5 12 18 35 41 44 45 46
5 22 28 31 32 33 40 47
6 9 10 11 18 25 31 48
6 12 15 16 17 24 31 37
6 12 29 35 38 39 40 47
6 13 19 36 42 45 46 47
6 23 29 32 33 34 41 48
7 13 16 17 18 25 32 38
7 13 30 36 39 40 41 48
7 14 20 37 43 46 47 48
8 14 17 18 19 26 33 39
9 15 18 19 20 27 34 40
10 16 19 20 21 28 35 41
11 17 20 21 22 29 36 42
12 18 21 22 23 30 37 43
13 19 22 23 24 31 38 44
14 20 23 24 25 32 39 45
15 21 24 25 26 33 40 46
16 22 25 26 27 34 41 47
17 23 26 27 28 35 42 48
