1 3 6 10 13 29 30 43
1 4 20 21 34 40 42 45
1 5 8 24 25 38 44 46
1 7 9 12 16 19 35 36
1 14 20 22 25 29 32 48
1 17 18 31 37 39 42 46
2 3 16 22 24 27 31 34
2 4 7 11 14 30 31 44
2 5 9 12 28 29 42 48
2 5 21 22 35 41 43 46
2 6 9 25 26 39 45 47
2 8 10 13 17 20 36 37
2 18 19 32 38 40 43 47
3 4 17 23 25 28 32 35
3 5 8 12 15 31 32 45
3 6 22 23 36 42 44 47
3 7 10 26 27 40 46 48
3 9 11 14 18 21 37 38
3 19 20 33 39 41 44 48
4 5 18 24 26 29 33 36
4 6 9 13 16 32 33 46
4 7 23 24 37 43 45 48
4 10 12 15 19 22 38 39
5 6 19 25 27 30 34 37
5 7 10 14 17 33 34 47
5 11 13 16 20 23 39 40
6 7 20 26 28 31 35 38
6 8 11 15 18 34 35 48
6 12 14 17 21 24 40 41
7 8 21 27 29 32 36 39
7 13 15 18 22 25 41 42
8 9 22 28 30 33 37 40
8 14 16 19 23 26 42 43
9 10 23 29 31 34 38 41
9 15 17 20 24 27 43 44
10 11 24 30 32 35 39 42
10 16 18 21 25 28 44 45
11 12 25 31 33 36 40 43
11 17 19 22 26 29 45 46
12 13 26 32 34 37 41 44
12 18 20 23 27 30 46 47
13 14 27 33 35 38 42 45
13 19 21 24 28 31 47 48
14 15 28 34 36 39 43 46
15 16 29 35 37 40 44 47
16 17 30 36 38 41 45 48
