1 4 7 25 27 35 36 40
1 4 22 24 32 33 37 46
1 5 14 17 20 38 40 48
1 9 10 14 23 26 29 47
1 10 13 16 34 36 44 45
1 19 21 29 30 34 43 46
2 3 7 16 19 22 40 42
2 4 12 13 17 26 29 32
2 5 8 26 28 36 37 41
2 5 23 25 33 34 38 47
2 10 11 15 24 27 30 48
2 11 14 17 35 37 45 46
2 20 22 30 31 35 44 47
3 4 8 17 20 23 41 43
3 5 13 14 18 27 30 33
3 6 9 27 29 37 38 42
3 6 24 26 34 35 39 48
3 12 15 18 36 38 46 47
3 21 23 31 32 36 45 48
4 5 9 18 21 24 42 44
4 6 14 15 19 28 31 34
4 7 10 28 30 38 39 43
4 13 16 19 37 39 47 48
5 6 10 19 22 25 43 45
5 7 15 16 20 29 32 35
5 8 11 29 31 39 40 44
6 7 11 20 23 26 44 46
6 8 16 17 21 30 33 36
6 9 12 30 32 40 41 45
7 8 12 21 24 27 45 47
7 9 17 18 22 31 34 37
7 10 13 31 33 41 42 46
8 9 13 22 25 28 46 48
8 10 18 19 23 32 35 38
8 11 14 32 34 42 43 47
9 11 19 20 24 33 36 39
9 12 15 33 35 43 44 48
10 12 20 21 25 34 37 40
11 13 21 22 26 35 38 41
12 14 22 23 27 36 39 42
13 15 23 24 28 37 40 43
14 16 24 25 29 38 41 44
15 17 25 26 30 39 42 45
16 18 26 27 31 40 43 46
17 19 27 28 32 41 44 47
18 20 28 29 33 42 45 48
