1 2 6 9 17 26 36 48
1 5 8 16 25 35 47 48
1 9 18 28 40 41 42 46
1 10 20 32 33 34 38 41
1 11 23 24 25 29 32 40
1 13 14 15 19 22 30 39
2 3 4 8 11 19 28 38
2 5 13 22 32 44 45 46
2 10 19 29 41 42 43 47
2 11 21 33 34 35 39 42
2 12 24 25 26 30 33 41
2 14 15 16 20 23 31 40
3 4 5 9 12 20 29 39
3 6 14 23 33 45 46 47
3 11 20 30 42 43 44 48
3 12 22 34 35 36 40 43
3 13 25 26 27 31 34 42
3 15 16 17 21 24 32 41
4 5 6 10 13 21 30 40
4 7 15 24 34 46 47 48
4 13 23 35 36 37 41 44
4 14 26 27 28 32 35 43
4 16 17 18 22 25 33 42
5 6 7 11 14 22 31 41
5 14 24 36 37 38 42 45
5 15 27 28 29 33 36 44
5 17 18 19 23 26 34 43
6 7 8 12 15 23 32 42
6 15 25 37 38 39 43 46
6 16 28 29 30 34 37 45
6 18 19 20 24 27 35 44
7 8 9 13 16 24 33 43
7 16 26 38 39 40 44 47
7 17 29 30 31 35 38 46
7 19 20 21 25 28 36 45
8 9 10 14 17 25 34 44
8 17 27 39 40 41 45 48
8 18 30 31 32 36 39 47
8 20 21 22 26 29 37 46
9 10 11 15 18 26 35 45
9 19 31 32 33 37 40 48
9 21 22 23 27 30 38 47
10 11 12 16 19 27 36 46
10 22 23 24 28 31 39 48
11 12 13 17 20 28 37 47
12 13 14 18 21 29 38 48
