1 3 24 29 31 35 39 48
1 5 9 18 19 21 42 47
1 5 14 15 17 38 43 45
1 6 8 12 16 25 26 28
1 10 11 13 34 39 41 45
1 22 27 29 33 37 46 47
2 3 5 26 31 33 37 41
2 4 8 12 21 22 24 45
2 6 10 19 20 22 43 48
2 6 15 16 18 39 44 46
2 7 9 13 17 26 27 29
2 11 12 14 35 40 42 46
2 23 28 30 34 38 47 48
3 4 6 27 32 34 38 42
3 5 9 13 22 23 25 46
3 7 16 17 19 40 45 47
3 8 10 14 18 27 28 30
3 12 13 15 36 41 43 47
4 5 7 28 33 35 39 43
4 6 10 14 23 24 26 47
4 8 17 18 20 41 46 48
4 9 11 15 19 28 29 31
4 13 14 16 37 42 44 48
5 6 8 29 34 36 40 44
5 7 11 15 24 25 27 48
5 10 12 16 20 29 30 32
6 7 9 30 35 37 41 45
6 11 13 17 21 30 31 33
7 8 10 31 36 38 42 46
7 12 14 18 22 31 32 34
8 9 11 32 37 39 43 47
8 13 15 19 23 32 33 35
9 10 12 33 38 40 44 48
9 14 16 20 24 33 34 36
10 15 17 21 25 34 35 37
11 16 18 22 26 35 36 38
12 17 19 23 27 36 37 39
13 18 20 24 28 37 38 40
14 19 21 25 29 38 39 41
15 20 22 26 30 39 40 42
16 21 23 27 31 40 41 43
17 22 24 28 32 41 42 44
18 23 25 29 33 42 43 45
19 24 26 30 34 43 44 46
20 25 27 31 35 44 45 47
21 26 28 32 36 45 46 48
