1 3 7 15 17 18 37 42
1 5 13 15 16 35 40 47
1 6 13 15 19 27 29 30
1 8 10 14 22 24 25 44
1 9 11 12 31 36 43 45
1 20 25 32 34 38 46 48
2 3 22 27 34 36 40 48
2 4 5 24 29 36 38 42
2 4 8 16 18 19 38 43
2 6 14 16 17 36 41 48
2 7 14 16 20 28 30 31
2 9 11 15 23 25 26 45
2 10 12 13 32 37 44 46
3 5 6 25 30 37 39 43
3 5 9 17 19 20 39 44
3 8 15 17 21 29 31 32
3 10 12 16 24 26 27 46
3 11 13 14 33 38 45 47
4 6 7 26 31 38 40 44
4 6 10 18 20 21 40 45
4 9 16 18 22 30 32 33
4 11 13 17 25 27 28 47
4 12 14 15 34 39 46 48
5 7 8 27 32 39 41 45
5 7 11 19 21 22 41 46
5 10 17 19 23 31 33 34
5 12 14 18 26 28 29 48
6 8 9 28 33 40 42 46
6 8 12 20 22 23 42 47
6 11 18 20 24 32 34 35
7 9 10 29 34 41 43 47
7 9 13 21 23 24 43 48
7 12 19 21 25 33 35 36
8 10 11 30 35 42 44 48
8 13 20 22 26 34 36 37
9 14 21 23 27 35 37 38
10 15 22 24 28 36 38 39
11 16 23 25 29 37 39 40
12 17 24 26 30 38 40 41
13 18 25 27 31 39 41 42
14 19 26 28 32 40 42 43
15 20 27 29 33 41 43 44
16 21 28 30 34 42 44 45
17 22 29 31 35 43 45 46
18 23 30 32 36 44 46 47
19 24 31 33 37 45 47 48
