1 2 13 16 17 26 42 44
1 4 5 14 30 32 37 38
1 6 7 18 21 22 31 47
1 10 26 28 33 34 45 48
1 12 15 16 25 41 43 48
1 17 19 24 25 36 39 40
2 3 12 28 30 35 36 47
2 3 14 17 18 27 43 45
2 4 9 10 21 24 25 34
2 5 6 15 31 33 38 39
2 7 8 19 22 23 32 48
2 18 20 25 26 37 40 41
3 4 13 29 31 36 37 48
3 4 15 18 19 28 44 46
3 5 10 11 22 25 26 35
3 6 7 16 32 34 39 40
3 19 21 26 27 38 41 42
4 5 16 19 20 29 45 47
4 6 11 12 23 26 27 36
4 7 8 17 33 35 40 41
4 20 22 27 28 39 42 43
5 6 17 20 21 30 46 48
5 7 12 13 24 27 28 37
5 8 9 18 34 36 41 42
5 21 23 28 29 40 43 44
6 8 13 14 25 28 29 38
6 9 10 19 35 37 42 43
6 22 24 29 30 41 44 45
7 9 14 15 26 29 30 39
7 10 11 20 36 38 43 44
7 23 25 30 31 42 45 46
8 10 15 16 27 30 31 40
8 11 12 21 37 39 44 45
8 24 26 31 32 43 46 47
9 11 16 17 28 31 32 41
9 12 13 22 38 40 45 46
9 25 27 32 33 44 47 48
10 12 17 18 29 32 33 42
10 13 14 23 39 41 46 47
11 13 18 19 30 33 34 43
11 14 15 24 40 42 47 48
12 14 19 20 31 34 35 44
13 15 20 21 32 35 36 45
14 16 21 22 33 36 37 46
15 17 22 23 34 37 38 47
16 18 23 24 35 38 39 48
