1 2 4 15 19 27 43 48
1 3 14 18 26 42 47 48
1 5 13 29 34 35 36 38
1 9 25 30 31 32 34 45
1 12 16 24 40 45 46 47
1 17 22 23 24 26 37 41
2 3 4 6 17 21 29 45
2 6 14 30 35 36 37 39
2 7 8 9 11 22 26 34
2 10 26 31 32 33 35 46
2 13 17 25 41 46 47 48
2 18 23 24 25 27 38 42
3 4 5 7 18 22 30 46
3 7 15 31 36 37 38 40
3 8 9 10 12 23 27 35
3 11 27 32 33 34 36 47
3 19 24 25 26 28 39 43
4 5 6 8 19 23 31 47
4 8 16 32 37 38 39 41
4 9 10 11 13 24 28 36
4 12 28 33 34 35 37 48
4 20 25 26 27 29 40 44
5 6 7 9 20 24 32 48
5 9 17 33 38 39 40 42
5 10 11 12 14 25 29 37
5 21 26 27 28 30 41 45
6 10 18 34 39 40 41 43
6 11 12 13 15 26 30 38
6 22 27 28 29 31 42 46
7 11 19 35 40 41 42 44
7 12 13 14 16 27 31 39
7 23 28 29 30 32 43 47
8 12 20 36 41 42 43 45
8 13 14 15 17 28 32 40
8 24 29 30 31 33 44 48
9 13 21 37 42 43 44 46
9 14 15 16 18 29 33 41
10 14 22 38 43 44 45 47
10 15 16 17 19 30 34 42
11 15 23 39 44 45 46 48
11 16 17 18 20 31 35 43
12 17 18 19 21 32 36 44
13 18 19 20 22 33 37 45
14 19 20 21 23 34 38 46
15 20 21 22 24 35 39 47
16 21 22 23 25 36 40 48
