1 4 8 10 20 21 29 34
1 5 7 17 18 26 31 46
1 6 21 24 28 30 40 41
1 9 14 29 32 36 38 48
1 11 12 20 25 40 43 47
1 16 19 23 25 35 36 44
2 3 11 16 31 34 38 40
2 4 14 15 23 28 43 46
2 5 9 11 21 22 30 35
2 6 8 18 19 27 32 47
2 7 22 25 29 31 41 42
2 12 13 21 26 41 44 48
2 17 20 24 26 36 37 45
3 4 12 17 32 35 39 41
3 5 15 16 24 29 44 47
3 6 10 12 22 23 31 36
3 7 9 19 20 28 33 48
3 8 23 26 30 32 42 43
3 18 21 25 27 37 38 46
4 5 13 18 33 36 40 42
4 6 16 17 25 30 45 48
4 7 11 13 23 24 32 37
4 9 24 27 31 33 43 44
4 19 22 26 28 38 39 47
5 6 14 19 34 37 41 43
5 8 12 14 24 25 33 38
5 10 25 28 32 34 44 45
5 20 23 27 29 39 40 48
6 7 15 20 35 38 42 44
6 9 13 15 25 26 34 39
6 11 26 29 33 35 45 46
7 8 16 21 36 39 43 45
7 10 14 16 26 27 35 40
7 12 27 30 34 36 46 47
8 9 17 22 37 40 44 46
8 11 15 17 27 28 36 41
8 13 28 31 35 37 47 48
9 10 18 23 38 41 45 47
9 12 16 18 28 29 37 42
10 11 19 24 39 42 46 48
10 13 17 19 29 30 38 43
11 14 18 20 30 31 39 44
12 15 19 21 31 32 40 45
13 16 20 22 32 33 41 46
14 17 21 23 33 34 42 47
15 18 22 24 34 35 43 48
