1 2 11 19 30 42 43 45
1 3 7 8 17 25 36 48
1 9 20 32 33 35 39 40
1 10 18 29 41 42 44 48
1 12 24 25 27 31 32 41
1 13 14 16 20 21 30 38
2 3 5 9 10 19 27 38
2 3 12 20 31 43 44 46
2 6 7 16 24 35 47 48
2 10 21 33 34 36 40 41
2 13 25 26 28 32 33 42
2 14 15 17 21 22 31 39
3 4 6 10 11 20 28 39
3 4 13 21 32 44 45 47
3 11 22 34 35 37 41 42
3 14 26 27 29 33 34 43
3 15 16 18 22 23 32 40
4 5 7 11 12 21 29 40
4 5 14 22 33 45 46 48
4 12 23 35 36 38 42 43
4 15 27 28 30 34 35 44
4 16 17 19 23 24 33 41
5 6 8 12 13 22 30 41
5 13 24 36 37 39 43 44
5 16 28 29 31 35 36 45
5 17 18 20 24 25 34 42
6 7 9 13 14 23 31 42
6 14 25 37 38 40 44 45
6 17 29 30 32 36 37 46
6 18 19 21 25 26 35 43
7 8 10 14 15 24 32 43
7 15 26 38 39 41 45 46
7 18 30 31 33 37 38 47
7 19 20 22 26 27 36 44
8 9 11 15 16 25 33 44
8 16 27 39 40 42 46 47
8 19 31 32 34 38 39 48
8 20 21 23 27 28 37 45
9 10 12 16 17 26 34 45
9 17 28 40 41 43 47 48
9 21 22 24 28 29 38 46
10 11 13 17 18 27 35 46
10 22 23 25 29 30 39 47
11 12 14 18 19 28 36 47
11 23 24 26 30 31 40 48
12 13 15 19 20 29 37 48
