1 4 5 16 21 39 43 45
1 5 7 11 14 15 26 31
1 5 8 9 20 25 43 47
1 6 24 28 30 34 37 38
1 12 17 35 39 41 45 48
1 19 23 25 29 32 33 44
2 3 14 19 37 41 43 47
2 4 8 11 12 23 28 46
2 5 6 17 22 40 44 46
2 6 8 12 15 16 27 32
2 6 9 10 21 26 44 48
2 7 25 29 31 35 38 39
2 20 24 26 30 33 34 45
3 4 15 20 38 42 44 48
3 5 9 12 13 24 29 47
3 6 7 18 23 41 45 47
3 7 9 13 16 17 28 33
3 8 26 30 32 36 39 40
3 21 25 27 31 34 35 46
4 6 10 13 14 25 30 48
4 7 8 19 24 42 46 48
4 8 10 14 17 18 29 34
4 9 27 31 33 37 40 41
4 22 26 28 32 35 36 47
5 9 11 15 18 19 30 35
5 10 28 32 34 38 41 42
5 23 27 29 33 36 37 48
6 10 12 16 19 20 31 36
6 11 29 33 35 39 42 43
7 11 13 17 20 21 32 37
7 12 30 34 36 40 43 44
8 12 14 18 21 22 33 38
8 13 31 35 37 41 44 45
9 13 15 19 22 23 34 39
9 14 32 36 38 42 45 46
10 14 16 20 23 24 35 40
10 15 33 37 39 43 46 47
11 15 17 21 24 25 36 41
11 16 34 38 40 44 47 48
12 16 18 22 25 26 37 42
13 17 19 23 26 27 38 43
14 18 20 24 27 28 39 44
15 19 21 25 28 29 40 45
16 20 22 26 29 30 41 46
17 21 23 27 30 31 42 47
18 22 24 28 31 32 43 48
