1 4 21 27 37 38 40 45
1 5 8 25 31 41 42 44
1 6 10 13 30 36 46 47
1 7 17 18 20 25 29 32
1 11 12 14 19 23 26 43
1 18 24 34 35 37 42 46
2 3 5 10 14 17 34 40
2 5 22 28 38 39 41 46
2 6 9 26 32 42 43 45
2 7 11 14 31 37 47 48
2 8 18 19 21 26 30 33
2 12 13 15 20 24 27 44
2 19 25 35 36 38 43 47
3 4 6 11 15 18 35 41
3 6 23 29 39 40 42 47
3 7 10 27 33 43 44 46
3 9 19 20 22 27 31 34
3 13 14 16 21 25 28 45
3 20 26 36 37 39 44 48
4 5 7 12 16 19 36 42
4 7 24 30 40 41 43 48
4 8 11 28 34 44 45 47
4 10 20 21 23 28 32 35
4 14 15 17 22 26 29 46
5 6 8 13 17 20 37 43
5 9 12 29 35 45 46 48
5 11 21 22 24 29 33 36
5 15 16 18 23 27 30 47
6 7 9 14 18 21 38 44
6 12 22 23 25 30 34 37
6 16 17 19 24 28 31 48
7 8 10 15 19 22 39 45
7 13 23 24 26 31 35 38
8 9 11 16 20 23 40 46
8 14 24 25 27 32 36 39
9 10 12 17 21 24 41 47
9 15 25 26 28 33 37 40
10 11 13 18 22 25 42 48
10 16 26 27 29 34 38 41
11 17 27 28 30 35 39 42
12 18 28 29 31 36 40 43
13 19 29 30 32 37 41 44
14 20 30 31 33 38 42 45
15 21 31 32 34 39 43 46
16 22 32 33 35 40 44 47
17 23 33 34 36 41 45 48
