1 3 13 18 29 42 43 45
1 5 7 17 22 33 46 47
1 6 17 30 31 33 37 39
1 11 16 27 40 41 43 47
1 12 25 26 28 32 34 44
1 14 15 17 21 23 33 38
2 3 5 9 11 21 26 37
2 4 14 19 30 43 44 46
2 6 8 18 23 34 47 48
2 7 18 31 32 34 38 40
2 12 17 28 41 42 44 48
2 13 26 27 29 33 35 45
2 15 16 18 22 24 34 39
3 4 6 10 12 22 27 38
3 5 15 20 31 44 45 47
3 8 19 32 33 35 39 41
3 14 27 28 30 34 36 46
3 16 17 19 23 25 35 40
4 5 7 11 13 23 28 39
4 6 16 21 32 45 46 48
4 9 20 33 34 36 40 42
4 15 28 29 31 35 37 47
4 17 18 20 24 26 36 41
5 6 8 12 14 24 29 40
5 10 21 34 35 37 41 43
5 16 29 30 32 36 38 48
5 18 19 21 25 27 37 42
6 7 9 13 15 25 30 41
6 11 22 35 36 38 42 44
6 19 20 22 26 28 38 43
7 8 10 14 16 26 31 42
7 12 23 36 37 39 43 45
7 20 21 23 27 29 39 44
8 9 11 15 17 27 32 43
8 13 24 37 38 40 44 46
8 21 22 24 28 30 40 45
9 10 12 16 18 28 33 44
9 14 25 38 39 41 45 47
9 22 23 25 29 31 41 46
10 11 13 17 19 29 34 45
10 15 26 39 40 42 46 48
10 23 24 26 30 32 42 47
11 12 14 18 20 30 35 46
11 24 25 27 31 33 43 48
12 13 15 19 21 31 36 47
13 14 16 20 22 32 37 48
