1 4 5 16 23 39 43 47
1 5 7 10 11 22 29 45
1 5 9 11 14 15 26 33
1 8 24 28 32 34 37 38
1 12 19 35 39 43 45 48
1 17 21 25 27 30 31 42
2 3 14 21 37 41 45 47
2 4 7 8 19 26 42 46
2 5 6 17 24 40 44 48
2 6 8 11 12 23 30 46
2 6 10 12 15 16 27 34
2 9 25 29 33 35 38 39
2 18 22 26 28 31 32 43
3 4 15 22 38 42 46 48
3 5 8 9 20 27 43 47
3 7 9 12 13 24 31 47
3 7 11 13 16 17 28 35
3 10 26 30 34 36 39 40
3 19 23 27 29 32 33 44
4 6 9 10 21 28 44 48
4 8 10 13 14 25 32 48
4 8 12 14 17 18 29 36
4 11 27 31 35 37 40 41
4 20 24 28 30 33 34 45
5 9 13 15 18 19 30 37
5 12 28 32 36 38 41 42
5 21 25 29 31 34 35 46
6 10 14 16 19 20 31 38
6 13 29 33 37 39 42 43
6 22 26 30 32 35 36 47
7 11 15 17 20 21 32 39
7 14 30 34 38 40 43 44
7 23 27 31 33 36 37 48
8 12 16 18 21 22 33 40
8 15 31 35 39 41 44 45
9 13 17 19 22 23 34 41
9 16 32 36 40 42 45 46
10 14 18 20 23 24 35 42
10 17 33 37 41 43 46 47
11 15 19 21 24 25 36 43
11 18 34 38 42 44 47 48
12 16 20 22 25 26 37 44
13 17 21 23 26 27 38 45
14 18 22 24 27 28 39 46
15 19 23 25 28 29 40 47
16 20 24 26 29 30 41 48
