1 2 6 11 14 23 30 48
1 5 10 13 22 29 47 48
1 6 9 18 25 43 44 45
1 8 26 27 28 32 37 40
1 10 17 35 36 37 41 46
1 19 20 21 25 30 33 42
2 3 4 8 13 16 25 32
2 5 14 21 39 40 41 45
2 7 10 19 26 44 45 46
2 9 27 28 29 33 38 41
2 11 18 36 37 38 42 47
2 20 21 22 26 31 34 43
3 4 5 9 14 17 26 33
3 6 15 22 40 41 42 46
3 8 11 20 27 45 46 47
3 10 28 29 30 34 39 42
3 12 19 37 38 39 43 48
3 21 22 23 27 32 35 44
4 5 6 10 15 18 27 34
4 7 16 23 41 42 43 47
4 9 12 21 28 46 47 48
4 11 29 30 31 35 40 43
4 22 23 24 28 33 36 45
5 6 7 11 16 19 28 35
5 8 17 24 42 43 44 48
5 12 30 31 32 36 41 44
5 23 24 25 29 34 37 46
6 7 8 12 17 20 29 36
6 13 31 32 33 37 42 45
6 24 25 26 30 35 38 47
7 8 9 13 18 21 30 37
7 14 32 33 34 38 43 46
7 25 26 27 31 36 39 48
8 9 10 14 19 22 31 38
8 15 33 34 35 39 44 47
9 10 11 15 20 23 32 39
9 16 34 35 36 40 45 48
10 11 12 16 21 24 33 40
11 12 13 17 22 25 34 41
12 13 14 18 23 26 35 42
13 14 15 19 24 27 36 43
14 15 16 20 25 28 37 44
15 16 17 21 26 29 38 45
16 17 18 22 27 30 39 46
17 18 19 23 28 31 40 47
18 19 20 24 29 32 41 48
