1 4 13 28 29 35 39 47
1 5 13 15 18 27 42 43
1 7 11 19 21 24 33 48
1 9 11 14 23 38 39 45
1 10 25 26 32 36 44 46
1 16 17 23 27 35 37 40
2 3 9 13 21 23 26 35
2 4 7 16 31 32 38 42
2 5 14 29 30 36 40 48
2 6 14 16 19 28 43 44
2 10 12 15 24 39 40 46
2 11 26 27 33 37 45 47
2 17 18 24 28 36 38 41
3 4 10 14 22 24 27 36
3 5 8 17 32 33 39 43
3 7 15 17 20 29 44 45
3 11 13 16 25 40 41 47
3 12 27 28 34 38 46 48
3 18 19 25 29 37 39 42
4 5 11 15 23 25 28 37
4 6 9 18 33 34 40 44
4 8 16 18 21 30 45 46
4 12 14 17 26 41 42 48
4 19 20 26 30 38 40 43
5 6 12 16 24 26 29 38
5 7 10 19 34 35 41 45
5 9 17 19 22 31 46 47
5 20 21 27 31 39 41 44
6 7 13 17 25 27 30 39
6 8 11 20 35 36 42 46
6 10 18 20 23 32 47 48
6 21 22 28 32 40 42 45
7 8 14 18 26 28 31 40
7 9 12 21 36 37 43 47
7 22 23 29 33 41 43 46
8 9 15 19 27 29 32 41
8 10 13 22 37 38 44 48
8 23 24 30 34 42 44 47
9 10 16 20 28 30 33 42
9 24 25 31 35 43 45 48
10 11 17 21 29 31 34 43
11 12 18 22 30 32 35 44
12 13 19 23 31 33 36 45
13 14 20 24 32 34 37 46
14 15 21 25 33 35 38 47
15 16 22 26 34 36 39 48
