1 3 6 24 28 37 43 44
1 5 14 20 21 26 28 31
1 6 8 11 29 33 42 48
1 7 8 13 15 18 36 40
1 10 16 17 22 24 27 45
1 19 23 32 38 39 44 46
2 3 8 10 13 31 35 44
2 4 7 25 29 38 44 45
2 5 23 27 36 42 43 48
2 6 15 21 22 27 29 32
2 8 9 14 16 19 37 41
2 11 17 18 23 25 28 46
2 20 24 33 39 40 45 47
3 4 9 11 14 32 36 45
3 5 8 26 30 39 45 46
3 7 16 22 23 28 30 33
3 9 10 15 17 20 38 42
3 12 18 19 24 26 29 47
3 21 25 34 40 41 46 48
4 5 10 12 15 33 37 46
4 6 9 27 31 40 46 47
4 8 17 23 24 29 31 34
4 10 11 16 18 21 39 43
4 13 19 20 25 27 30 48
5 6 11 13 16 34 38 47
5 7 10 28 32 41 47 48
5 9 18 24 25 30 32 35
5 11 12 17 19 22 40 44
6 7 12 14 17 35 39 48
6 10 19 25 26 31 33 36
6 12 13 18 20 23 41 45
7 11 20 26 27 32 34 37
7 13 14 19 21 24 42 46
8 12 21 27 28 33 35 38
8 14 15 20 22 25 43 47
9 13 22 28 29 34 36 39
9 15 16 21 23 26 44 48
10 14 23 29 30 35 37 40
11 15 24 30 31 36 38 41
12 16 25 31 32 37 39 42
13 17 26 32 33 38 40 43
14 18 27 33 34 39 41 44
15 19 28 34 35 40 42 45
16 20 29 35 36 41 43 46
17 21 30 36 37 42 44 47
18 22 31 37 38 43 45 48
