1 4 20 25 32 33 43 47
1 5 7 10 26 31 38 39
1 6 13 14 24 28 30 33
1 8 9 19 23 25 28 44
1 11 15 17 20 36 41 48
1 17 22 29 30 40 44 46
2 3 13 17 19 22 38 43
2 4 7 23 28 35 36 46
2 5 21 26 33 34 44 48
2 6 8 11 27 32 39 40
2 7 14 15 25 29 31 34
2 9 10 20 24 26 29 45
2 18 23 30 31 41 45 47
3 4 14 18 20 23 39 44
3 5 8 24 29 36 37 47
3 7 9 12 28 33 40 41
3 8 15 16 26 30 32 35
3 10 11 21 25 27 30 46
3 19 24 31 32 42 46 48
4 5 15 19 21 24 40 45
4 6 9 25 30 37 38 48
4 8 10 13 29 34 41 42
4 9 16 17 27 31 33 36
4 11 12 22 26 28 31 47
5 6 16 20 22 25 41 46
5 9 11 14 30 35 42 43
5 10 17 18 28 32 34 37
5 12 13 23 27 29 32 48
6 7 17 21 23 26 42 47
6 10 12 15 31 36 43 44
6 11 18 19 29 33 35 38
7 8 18 22 24 27 43 48
7 11 13 16 32 37 44 45
7 12 19 20 30 34 36 39
8 12 14 17 33 38 45 46
8 13 20 21 31 35 37 40
9 13 15 18 34 39 46 47
9 14 21 22 32 36 38 41
10 14 16 19 35 40 47 48
10 15 22 23 33 37 39 42
11 16 23 24 34 38 40 43
12 17 24 25 35 39 41 44
13 18 25 26 36 40 42 45
14 19 26 27 37 41 43 46
15 20 27 28 38 42 44 47
16 21 28 29 39 43 45 48
