1 3 11 25 27 34 45 46
1 4 6 14 28 30 37 48
1 8 19 20 23 25 33 47
1 9 23 25 32 43 44 47
1 12 13 16 18 26 40 42
1 15 17 24 35 36 39 41
2 3 6 8 16 30 32 39
2 4 11 22 23 26 28 36
2 4 12 26 28 35 46 47
2 9 20 21 24 26 34 48
2 10 24 26 33 44 45 48
2 13 14 17 19 27 41 43
2 16 18 25 36 37 40 42
3 4 7 9 17 31 33 40
3 5 12 23 24 27 29 37
3 5 13 27 29 36 47 48
3 14 15 18 20 28 42 44
3 17 19 26 37 38 41 43
4 5 8 10 18 32 34 41
4 6 13 24 25 28 30 38
4 15 16 19 21 29 43 45
4 18 20 27 38 39 42 44
5 6 9 11 19 33 35 42
5 7 14 25 26 29 31 39
5 16 17 20 22 30 44 46
5 19 21 28 39 40 43 45
6 7 10 12 20 34 36 43
6 8 15 26 27 30 32 40
6 17 18 21 23 31 45 47
6 20 22 29 40 41 44 46
7 8 11 13 21 35 37 44
7 9 16 27 28 31 33 41
7 18 19 22 24 32 46 48
7 21 23 30 41 42 45 47
8 9 12 14 22 36 38 45
8 10 17 28 29 32 34 42
8 22 24 31 42 43 46 48
9 10 13 15 23 37 39 46
9 11 18 29 30 33 35 43
10 11 14 16 24 38 40 47
10 12 19 30 31 34 36 44
11 12 15 17 25 39 41 48
11 13 20 31 32 35 37 45
12 14 21 32 33 36 38 46
13 15 22 33 34 37 39 47
14 16 23 34 35 38 40 48
