1 3 7 12 24 31 46 47
1 5 10 22 29 44 45 47
1 6 18 25 40 41 43 45
1 8 23 24 26 28 32 37
1 13 20 35 36 38 40 44
1 16 17 19 21 25 30 42
2 3 5 7 11 16 28 35
2 4 8 13 25 32 47 48
2 6 11 23 30 45 46 48
2 7 19 26 41 42 44 46
2 9 24 25 27 29 33 38
2 14 21 36 37 39 41 45
2 17 18 20 22 26 31 43
3 4 6 8 12 17 29 36
3 8 20 27 42 43 45 47
3 10 25 26 28 30 34 39
3 15 22 37 38 40 42 46
3 18 19 21 23 27 32 44
4 5 7 9 13 18 30 37
4 9 21 28 43 44 46 48
4 11 26 27 29 31 35 40
4 16 23 38 39 41 43 47
4 19 20 22 24 28 33 45
5 6 8 10 14 19 31 38
5 12 27 28 30 32 36 41
5 17 24 39 40 42 44 48
5 20 21 23 25 29 34 46
6 7 9 11 15 20 32 39
6 13 28 29 31 33 37 42
6 21 22 24 26 30 35 47
7 8 10 12 16 21 33 40
7 14 29 30 32 34 38 43
7 22 23 25 27 31 36 48
8 9 11 13 17 22 34 41
8 15 30 31 33 35 39 44
9 10 12 14 18 23 35 42
9 16 31 32 34 36 40 45
10 11 13 15 19 24 36 43
10 17 32 33 35 37 41 46
11 12 14 16 20 25 37 44
11 18 33 34 36 38 42 47
12 13 15 17 21 26 38 45
12 19 34 35 37 39 43 48
13 14 16 18 22 27 39 46
14 15 17 19 23 28 40 47
15 16 18 20 24 29 41 48
