1 3 20 29 33 41 43 44
1 5 13 15 16 21 23 40
1 6 8 25 34 38 46 48
1 9 11 12 17 19 36 45
1 10 14 22 24 25 30 32
1 18 27 31 39 41 42 47
2 3 8 10 27 36 40 48
2 4 5 10 12 29 38 42
2 4 21 30 34 42 44 45
2 6 14 16 17 22 24 41
2 10 12 13 18 20 37 46
2 11 15 23 25 26 31 33
2 19 28 32 40 42 43 48
3 5 6 11 13 30 39 43
3 5 22 31 35 43 45 46
3 7 15 17 18 23 25 42
3 11 13 14 19 21 38 47
3 12 16 24 26 27 32 34
4 6 7 12 14 31 40 44
4 6 23 32 36 44 46 47
4 8 16 18 19 24 26 43
4 12 14 15 20 22 39 48
4 13 17 25 27 28 33 35
5 7 8 13 15 32 41 45
5 7 24 33 37 45 47 48
5 9 17 19 20 25 27 44
5 14 18 26 28 29 34 36
6 8 9 14 16 33 42 46
6 10 18 20 21 26 28 45
6 15 19 27 29 30 35 37
7 9 10 15 17 34 43 47
7 11 19 21 22 27 29 46
7 16 20 28 30 31 36 38
8 10 11 16 18 35 44 48
8 12 20 22 23 28 30 47
8 17 21 29 31 32 37 39
9 13 21 23 24 29 31 48
9 18 22 30 32 33 38 40
10 19 23 31 33 34 39 41
11 20 24 32 34 35 40 42
12 21 25 33 35 36 41 43
13 22 26 34 36 37 42 44
14 23 27 35 37 38 43 45
15 24 28 36 38 39 44 46
16 25 29 37 39 40 45 47
17 26 30 38 40 41 46 48
