1 2 8 13 18 27 46 48
1 3 4 5 11 16 21 30
1 6 15 34 36 37 38 44
1 7 12 17 26 45 47 48
1 10 29 31 32 33 39 44
1 20 22 23 24 30 35 40
2 3 4 10 15 20 29 48
2 4 5 6 12 17 22 31
2 7 12 21 40 42 43 44
2 7 16 35 37 38 39 45
2 11 30 32 33 34 40 45
2 21 23 24 25 31 36 41
3 5 6 7 13 18 23 32
3 8 13 22 41 43 44 45
3 8 17 36 38 39 40 46
3 12 31 33 34 35 41 46
3 22 24 25 26 32 37 42
4 6 7 8 14 19 24 33
4 9 14 23 42 44 45 46
4 9 18 37 39 40 41 47
4 13 32 34 35 36 42 47
4 23 25 26 27 33 38 43
5 7 8 9 15 20 25 34
5 10 15 24 43 45 46 47
5 10 19 38 40 41 42 48
5 14 33 35 36 37 43 48
5 24 26 27 28 34 39 44
6 8 9 10 16 21 26 35
6 11 16 25 44 46 47 48
6 25 27 28 29 35 40 45
7 9 10 11 17 22 27 36
7 26 28 29 30 36 41 46
8 10 11 12 18 23 28 37
8 27 29 30 31 37 42 47
9 11 12 13 19 24 29 38
9 28 30 31 32 38 43 48
10 12 13 14 20 25 30 39
11 13 14 15 21 26 31 40
12 14 15 16 22 27 32 41
13 15 16 17 23 28 33 42
14 16 17 18 24 29 34 43
15 17 18 19 25 30 35 44
16 18 19 20 26 31 36 45
17 19 20 21 27 32 37 46
18 20 21 22 28 33 38 47
19 21 22 23 29 34 39 48
