1 2 12 13 16 21 37 43
1 4 9 25 31 37 38 48
1 7 8 18 19 22 27 43
1 7 13 14 24 25 28 33
1 11 12 15 20 36 42 48
1 17 23 29 30 40 41 44
2 3 6 11 27 33 39 40
2 3 13 14 17 22 38 44
2 7 23 29 35 36 46 47
2 8 9 19 20 23 28 44
2 8 14 15 25 26 29 34
2 18 24 30 31 41 42 45
3 4 7 12 28 34 40 41
3 4 14 15 18 23 39 45
3 8 24 30 36 37 47 48
3 9 10 20 21 24 29 45
3 9 15 16 26 27 30 35
3 19 25 31 32 42 43 46
4 5 8 13 29 35 41 42
4 5 15 16 19 24 40 46
4 10 11 21 22 25 30 46
4 10 16 17 27 28 31 36
4 20 26 32 33 43 44 47
5 6 9 14 30 36 42 43
5 6 16 17 20 25 41 47
5 11 12 22 23 26 31 47
5 11 17 18 28 29 32 37
5 21 27 33 34 44 45 48
6 7 10 15 31 37 43 44
6 7 17 18 21 26 42 48
6 12 13 23 24 27 32 48
6 12 18 19 29 30 33 38
7 8 11 16 32 38 44 45
7 13 19 20 30 31 34 39
8 9 12 17 33 39 45 46
8 14 20 21 31 32 35 40
9 10 13 18 34 40 46 47
9 15 21 22 32 33 36 41
10 11 14 19 35 41 47 48
10 16 22 23 33 34 37 42
11 17 23 24 34 35 38 43
12 18 24 25 35 36 39 44
13 19 25 26 36 37 40 45
14 20 26 27 37 38 41 46
15 21 27 28 38 39 42 47
16 22 28 29 39 40 43 48
