1 4 10 24 30 32 37 48
1 6 17 18 21 27 41 47
1 7 9 14 25 26 29 35
1 7 21 27 29 34 45 46
1 12 13 16 22 36 42 44
1 15 21 23 28 39 40 43
2 3 6 12 26 32 34 39
2 4 9 20 21 24 30 44
2 7 18 19 22 28 42 48
2 8 10 15 26 27 30 36
2 8 22 28 30 35 46 47
2 13 14 17 23 37 43 45
2 16 22 24 29 40 41 44
3 4 7 13 27 33 35 40
3 5 10 21 22 25 31 45
3 9 11 16 27 28 31 37
3 9 23 29 31 36 47 48
3 14 15 18 24 38 44 46
3 17 23 25 30 41 42 45
4 5 8 14 28 34 36 41
4 6 11 22 23 26 32 46
4 10 12 17 28 29 32 38
4 15 16 19 25 39 45 47
4 18 24 26 31 42 43 46
5 6 9 15 29 35 37 42
5 7 12 23 24 27 33 47
5 11 13 18 29 30 33 39
5 16 17 20 26 40 46 48
5 19 25 27 32 43 44 47
6 7 10 16 30 36 38 43
6 8 13 24 25 28 34 48
6 12 14 19 30 31 34 40
6 20 26 28 33 44 45 48
7 8 11 17 31 37 39 44
7 13 15 20 31 32 35 41
8 9 12 18 32 38 40 45
8 14 16 21 32 33 36 42
9 10 13 19 33 39 41 46
9 15 17 22 33 34 37 43
10 11 14 20 34 40 42 47
10 16 18 23 34 35 38 44
11 12 15 21 35 41 43 48
11 17 19 24 35 36 39 45
12 18 20 25 36 37 40 46
13 19 21 26 37 38 41 47
14 20 22 27 38 39 42 48
