1 3 17 25 27 30 31 42
1 4 5 16 23 25 39 47
1 8 10 24 32 34 37 38
1 9 11 14 15 26 33 35
1 12 19 21 35 43 45 48
1 15 23 25 28 29 40 47
2 3 14 21 23 37 45 47
2 4 7 8 19 26 28 42
2 4 18 26 28 31 32 43
2 5 6 17 24 26 40 48
2 9 11 25 33 35 38 39
2 10 12 15 16 27 34 36
2 16 24 26 29 30 41 48
3 4 15 22 24 38 46 48
3 5 8 9 20 27 29 43
3 5 19 27 29 32 33 44
3 10 12 26 34 36 39 40
3 11 13 16 17 28 35 37
4 6 9 10 21 28 30 44
4 6 20 28 30 33 34 45
4 11 13 27 35 37 40 41
4 12 14 17 18 29 36 38
5 7 10 11 22 29 31 45
5 7 21 29 31 34 35 46
5 12 14 28 36 38 41 42
5 13 15 18 19 30 37 39
6 8 11 12 23 30 32 46
6 8 22 30 32 35 36 47
6 13 15 29 37 39 42 43
6 14 16 19 20 31 38 40
7 9 12 13 24 31 33 47
7 9 23 31 33 36 37 48
7 14 16 30 38 40 43 44
7 15 17 20 21 32 39 41
8 10 13 14 25 32 34 48
8 15 17 31 39 41 44 45
8 16 18 21 22 33 40 42
9 16 18 32 40 42 45 46
9 17 19 22 23 34 41 43
10 17 19 33 41 43 46 47
10 18 20 23 24 35 42 44
11 18 20 34 42 44 47 48
11 19 21 24 25 36 43 45
12 20 22 25 26 37 44 46
13 21 23 26 27 38 45 47
14 22 24 27 28 39 46 48
