1 2 18 22 23 25 31 35
1 3 9 13 27 28 44 48
1 5 6 8 14 18 32 33
1 7 11 25 26 42 46 47
1 15 16 32 36 37 39 45
1 17 21 22 24 30 34 48
2 3 5 11 15 29 30 46
2 3 19 23 24 26 32 36
2 6 7 9 15 19 33 34
2 6 20 21 37 41 42 44
2 8 12 26 27 43 47 48
2 16 17 33 37 38 40 46
3 4 6 12 16 30 31 47
3 4 20 24 25 27 33 37
3 7 8 10 16 20 34 35
3 7 21 22 38 42 43 45
3 17 18 34 38 39 41 47
4 5 7 13 17 31 32 48
4 5 21 25 26 28 34 38
4 8 9 11 17 21 35 36
4 8 22 23 39 43 44 46
4 18 19 35 39 40 42 48
5 6 22 26 27 29 35 39
5 9 10 12 18 22 36 37
5 9 23 24 40 44 45 47
6 7 23 27 28 30 36 40
6 10 11 13 19 23 37 38
6 10 24 25 41 45 46 48
7 8 24 28 29 31 37 41
7 11 12 14 20 24 38 39
8 9 25 29 30 32 38 42
8 12 13 15 21 25 39 40
9 10 26 30 31 33 39 43
9 13 14 16 22 26 40 41
10 11 27 31 32 34 40 44
10 14 15 17 23 27 41 42
11 12 28 32 33 35 41 45
11 15 16 18 24 28 42 43
12 13 29 33 34 36 42 46
12 16 17 19 25 29 43 44
13 14 30 34 35 37 43 47
13 17 18 20 26 30 44 45
14 15 31 35 36 38 44 48
14 18 19 21 27 31 45 46
15 19 20 22 28 32 46 47
16 20 21 23 29 33 47 48
