1 2 6 9 18 19 21 43
1 3 25 31 32 36 39 48
1 4 13 14 16 38 44 45
1 7 8 12 15 24 25 27
1 10 11 13 35 41 42 46
1 23 29 30 34 37 46 47
2 3 5 27 33 34 38 41
2 3 7 10 19 20 22 44
2 5 14 15 17 39 45 46
2 8 9 13 16 25 26 28
2 11 12 14 36 42 43 47
2 24 30 31 35 38 47 48
3 4 6 28 34 35 39 42
3 4 8 11 20 21 23 45
3 6 15 16 18 40 46 47
3 9 10 14 17 26 27 29
3 12 13 15 37 43 44 48
4 5 7 29 35 36 40 43
4 5 9 12 21 22 24 46
4 7 16 17 19 41 47 48
4 10 11 15 18 27 28 30
5 6 8 30 36 37 41 44
5 6 10 13 22 23 25 47
5 11 12 16 19 28 29 31
6 7 9 31 37 38 42 45
6 7 11 14 23 24 26 48
6 12 13 17 20 29 30 32
7 8 10 32 38 39 43 46
7 13 14 18 21 30 31 33
8 9 11 33 39 40 44 47
8 14 15 19 22 31 32 34
9 10 12 34 40 41 45 48
9 15 16 20 23 32 33 35
10 16 17 21 24 33 34 36
11 17 18 22 25 34 35 37
12 18 19 23 26 35 36 38
13 19 20 24 27 36 37 39
14 20 21 25 28 37 38 40
15 21 22 26 29 38 39 41
16 22 23 27 30 39 40 42
17 23 24 28 31 40 41 43
18 24 25 29 32 41 42 44
19 25 26 30 33 42 43 45
20 26 27 31 34 43 44 46
21 27 28 32 35 44 45 47
22 28 29 33 36 45 46 48
