1 3 24 25 28 36 42 44
1 4 12 18 20 25 27 48
1 6 8 29 30 33 41 47
1 7 9 14 16 37 38 41
1 9 15 17 22 24 45 46
1 22 23 26 34 40 42 47
2 3 6 14 20 22 27 29
2 4 9 11 32 33 36 44
2 4 25 26 29 37 43 45
2 7 9 30 31 34 42 48
2 8 10 15 17 38 39 42
2 10 16 18 23 25 46 47
2 23 24 27 35 41 43 48
3 4 7 15 21 23 28 30
3 5 10 12 33 34 37 45
3 5 26 27 30 38 44 46
3 9 11 16 18 39 40 43
3 11 17 19 24 26 47 48
4 5 8 16 22 24 29 31
4 6 11 13 34 35 38 46
4 6 27 28 31 39 45 47
4 10 12 17 19 40 41 44
5 6 9 17 23 25 30 32
5 7 12 14 35 36 39 47
5 7 28 29 32 40 46 48
5 11 13 18 20 41 42 45
6 7 10 18 24 26 31 33
6 8 13 15 36 37 40 48
6 12 14 19 21 42 43 46
7 8 11 19 25 27 32 34
7 13 15 20 22 43 44 47
8 9 12 20 26 28 33 35
8 14 16 21 23 44 45 48
9 10 13 21 27 29 34 36
10 11 14 22 28 30 35 37
11 12 15 23 29 31 36 38
12 13 16 24 30 32 37 39
13 14 17 25 31 33 38 40
14 15 18 26 32 34 39 41
15 16 19 27 33 35 40 42
16 17 20 28 34 36 41 43
17 18 21 29 35 37 42 44
18 19 22 30 36 38 43 45
19 20 23 31 37 39 44 46
20 21 24 32 38 40 45 47
21 22 25 33 39 41 46 48
