1 4 11 28 29 33 41 43
1 5 13 15 21 24 31 48
1 7 10 17 34 35 39 47
1 8 25 26 30 38 40 46
1 9 11 17 20 27 44 45
1 18 19 23 31 33 39 42
2 3 7 15 17 23 26 33
2 4 10 13 20 37 38 42
2 5 12 29 30 34 42 44
2 8 11 18 35 36 40 48
2 9 26 27 31 39 41 47
2 10 12 18 21 28 45 46
2 19 20 24 32 34 40 43
3 4 8 16 18 24 27 34
3 5 11 14 21 38 39 43
3 6 13 30 31 35 43 45
3 10 27 28 32 40 42 48
3 11 13 19 22 29 46 47
3 20 21 25 33 35 41 44
4 5 9 17 19 25 28 35
4 6 12 15 22 39 40 44
4 7 14 31 32 36 44 46
4 12 14 20 23 30 47 48
4 21 22 26 34 36 42 45
5 6 10 18 20 26 29 36
5 7 13 16 23 40 41 45
5 8 15 32 33 37 45 47
5 22 23 27 35 37 43 46
6 7 11 19 21 27 30 37
6 8 14 17 24 41 42 46
6 9 16 33 34 38 46 48
6 23 24 28 36 38 44 47
7 8 12 20 22 28 31 38
7 9 15 18 25 42 43 47
7 24 25 29 37 39 45 48
8 9 13 21 23 29 32 39
8 10 16 19 26 43 44 48
9 10 14 22 24 30 33 40
10 11 15 23 25 31 34 41
11 12 16 24 26 32 35 42
12 13 17 25 27 33 36 43
13 14 18 26 28 34 37 44
14 15 19 27 29 35 38 45
15 16 20 28 30 36 39 46
16 17 21 29 31 37 40 47
17 18 22 30 32 38 41 48
