1 3 11 13 16 17 33 40
1 4 5 21 28 37 39 47
1 8 17 19 27 29 32 33
1 9 11 14 15 31 38 47
1 10 12 20 22 25 26 42
1 17 24 33 35 43 45 48
2 3 19 26 35 37 45 47
2 4 7 8 24 31 40 42
2 4 12 14 17 18 34 41
2 5 6 22 29 38 40 48
2 9 18 20 28 30 33 34
2 10 12 15 16 32 39 48
2 11 13 21 23 26 27 43
3 4 20 27 36 38 46 48
3 5 8 9 25 32 41 43
3 5 13 15 18 19 35 42
3 10 19 21 29 31 34 35
3 12 14 22 24 27 28 44
4 6 9 10 26 33 42 44
4 6 14 16 19 20 36 43
4 11 20 22 30 32 35 36
4 13 15 23 25 28 29 45
5 7 10 11 27 34 43 45
5 7 15 17 20 21 37 44
5 12 21 23 31 33 36 37
5 14 16 24 26 29 30 46
6 8 11 12 28 35 44 46
6 8 16 18 21 22 38 45
6 13 22 24 32 34 37 38
6 15 17 25 27 30 31 47
7 9 12 13 29 36 45 47
7 9 17 19 22 23 39 46
7 14 23 25 33 35 38 39
7 16 18 26 28 31 32 48
8 10 13 14 30 37 46 48
8 10 18 20 23 24 40 47
8 15 24 26 34 36 39 40
9 11 19 21 24 25 41 48
9 16 25 27 35 37 40 41
10 17 26 28 36 38 41 42
11 18 27 29 37 39 42 43
12 19 28 30 38 40 43 44
13 20 29 31 39 41 44 45
14 21 30 32 40 42 45 46
15 22 31 33 41 43 46 47
16 23 32 34 42 44 47 48
