1 4 8 26 28 37 42 43
1 5 23 25 34 39 40 46
1 6 7 13 16 20 38 40
1 7 10 14 32 34 43 48
1 10 15 16 22 25 29 47
1 19 21 30 35 36 42 45
2 3 9 12 16 34 36 45
2 4 13 18 19 25 28 32
2 5 9 27 29 38 43 44
2 6 24 26 35 40 41 47
2 7 8 14 17 21 39 41
2 11 16 17 23 26 30 48
2 20 22 31 36 37 43 46
3 4 10 13 17 35 37 46
3 5 14 19 20 26 29 33
3 6 10 28 30 39 44 45
3 7 25 27 36 41 42 48
3 8 9 15 18 22 40 42
3 21 23 32 37 38 44 47
4 5 11 14 18 36 38 47
4 6 15 20 21 27 30 34
4 7 11 29 31 40 45 46
4 9 10 16 19 23 41 43
4 22 24 33 38 39 45 48
5 6 12 15 19 37 39 48
5 7 16 21 22 28 31 35
5 8 12 30 32 41 46 47
5 10 11 17 20 24 42 44
6 8 17 22 23 29 32 36
6 9 13 31 33 42 47 48
6 11 12 18 21 25 43 45
7 9 18 23 24 30 33 37
7 12 13 19 22 26 44 46
8 10 19 24 25 31 34 38
8 13 14 20 23 27 45 47
9 11 20 25 26 32 35 39
9 14 15 21 24 28 46 48
10 12 21 26 27 33 36 40
11 13 22 27 28 34 37 41
12 14 23 28 29 35 38 42
13 15 24 29 30 36 39 43
14 16 25 30 31 37 40 44
15 17 26 31 32 38 41 45
16 18 27 32 33 39 42 46
17 19 28 33 34 40 43 47
18 20 29 34 35 41 44 48
