1 3 7 18 25 26 39 46
1 4 6 10 21 28 29 42
1 8 9 22 29 32 34 38
1 8 11 13 17 28 35 36
1 12 19 20 33 40 43 45
1 14 21 24 26 30 41 48
2 3 16 23 26 28 32 43
2 4 8 19 26 27 40 47
2 5 7 11 22 29 30 43
2 6 17 24 25 38 45 48
2 9 10 23 30 33 35 39
2 9 12 14 18 29 36 37
2 13 20 21 34 41 44 46
3 4 17 24 27 29 33 44
3 5 9 20 27 28 41 48
3 6 8 12 23 30 31 44
3 10 11 24 31 34 36 40
3 10 13 15 19 30 37 38
3 14 21 22 35 42 45 47
4 5 18 25 28 30 34 45
4 7 9 13 24 31 32 45
4 11 12 25 32 35 37 41
4 11 14 16 20 31 38 39
4 15 22 23 36 43 46 48
5 6 19 26 29 31 35 46
5 8 10 14 25 32 33 46
5 12 13 26 33 36 38 42
5 12 15 17 21 32 39 40
6 7 20 27 30 32 36 47
6 9 11 15 26 33 34 47
6 13 14 27 34 37 39 43
6 13 16 18 22 33 40 41
7 8 21 28 31 33 37 48
7 10 12 16 27 34 35 48
7 14 15 28 35 38 40 44
7 14 17 19 23 34 41 42
8 15 16 29 36 39 41 45
8 15 18 20 24 35 42 43
9 16 17 30 37 40 42 46
9 16 19 21 25 36 43 44
10 17 18 31 38 41 43 47
10 17 20 22 26 37 44 45
11 18 19 32 39 42 44 48
11 18 21 23 27 38 45 46
12 19 22 24 28 39 46 47
13 20 23 25 29 40 47 48
