1 3 11 12 15 36 41 43
1 4 25 30 32 38 40 48
1 6 8 14 16 24 25 28
1 7 9 17 18 21 42 47
1 9 10 13 34 39 41 47
1 22 27 29 35 37 45 46
2 3 6 27 32 34 40 42
2 4 10 12 20 21 24 45
2 4 12 13 16 37 42 44
2 7 9 15 17 25 26 29
2 8 10 18 19 22 43 48
2 10 11 14 35 40 42 48
2 23 28 30 36 38 46 47
3 4 7 28 33 35 41 43
3 5 11 13 21 22 25 46
3 5 13 14 17 38 43 45
3 8 10 16 18 26 27 30
3 24 29 31 37 39 47 48
4 5 8 29 34 36 42 44
4 6 12 14 22 23 26 47
4 6 14 15 18 39 44 46
4 9 11 17 19 27 28 31
5 6 9 30 35 37 43 45
5 7 13 15 23 24 27 48
5 7 15 16 19 40 45 47
5 10 12 18 20 28 29 32
6 7 10 31 36 38 44 46
6 8 16 17 20 41 46 48
6 11 13 19 21 29 30 33
7 8 11 32 37 39 45 47
7 12 14 20 22 30 31 34
8 9 12 33 38 40 46 48
8 13 15 21 23 31 32 35
9 14 16 22 24 32 33 36
10 15 17 23 25 33 34 37
11 16 18 24 26 34 35 38
12 17 19 25 27 35 36 39
13 18 20 26 28 36 37 40
14 19 21 27 29 37 38 41
15 20 22 28 30 38 39 42
16 21 23 29 31 39 40 43
17 22 24 30 32 40 41 44
18 23 25 31 33 41 42 45
19 24 26 32 34 42 43 46
20 25 27 33 35 43 44 47
21 26 28 34 36 44 45 48
