1 3 9 11 16 37 40 41
1 4 5 13 15 21 23 28
1 6 27 30 31 39 41 47
1 7 9 14 35 38 39 47
1 9 11 17 19 24 45 48
1 22 25 26 34 36 42 44
2 3 11 13 19 21 26 47
2 4 9 30 33 34 42 44
2 4 10 12 17 38 41 42
2 5 6 14 16 22 24 29
2 7 28 31 32 40 42 48
2 8 10 15 36 39 40 48
2 23 26 27 35 37 43 45
3 4 12 14 20 22 27 48
3 5 10 31 34 35 43 45
3 5 11 13 18 39 42 43
3 6 7 15 17 23 25 30
3 24 27 28 36 38 44 46
4 6 11 32 35 36 44 46
4 6 12 14 19 40 43 44
4 7 8 16 18 24 26 31
4 25 28 29 37 39 45 47
5 7 12 33 36 37 45 47
5 7 13 15 20 41 44 45
5 8 9 17 19 25 27 32
5 26 29 30 38 40 46 48
6 8 13 34 37 38 46 48
6 8 14 16 21 42 45 46
6 9 10 18 20 26 28 33
7 9 15 17 22 43 46 47
7 10 11 19 21 27 29 34
8 10 16 18 23 44 47 48
8 11 12 20 22 28 30 35
9 12 13 21 23 29 31 36
10 13 14 22 24 30 32 37
11 14 15 23 25 31 33 38
12 15 16 24 26 32 34 39
13 16 17 25 27 33 35 40
14 17 18 26 28 34 36 41
15 18 19 27 29 35 37 42
16 19 20 28 30 36 38 43
17 20 21 29 31 37 39 44
18 21 22 30 32 38 40 45
19 22 23 31 33 39 41 46
20 23 24 32 34 40 42 47
21 24 25 33 35 41 43 48
