1 3 20 29 31 41 44 45
1 4 5 9 11 28 37 39
1 5 7 24 33 35 45 48
1 10 12 22 25 26 30 32
1 11 14 15 19 21 38 47
1 18 27 29 39 42 43 47
2 3 7 9 26 35 37 47
2 4 14 17 18 22 24 41
2 4 21 30 32 42 45 46
2 5 6 10 12 29 38 40
2 11 13 23 26 27 31 33
2 12 15 16 20 22 39 48
2 19 28 30 40 43 44 48
3 4 8 10 27 36 38 48
3 5 15 18 19 23 25 42
3 5 22 31 33 43 46 47
3 6 7 11 13 30 39 41
3 12 14 24 27 28 32 34
4 6 16 19 20 24 26 43
4 6 23 32 34 44 47 48
4 7 8 12 14 31 40 42
4 13 15 25 28 29 33 35
5 7 17 20 21 25 27 44
5 8 9 13 15 32 41 43
5 14 16 26 29 30 34 36
6 8 18 21 22 26 28 45
6 9 10 14 16 33 42 44
6 15 17 27 30 31 35 37
7 9 19 22 23 27 29 46
7 10 11 15 17 34 43 45
7 16 18 28 31 32 36 38
8 10 20 23 24 28 30 47
8 11 12 16 18 35 44 46
8 17 19 29 32 33 37 39
9 11 21 24 25 29 31 48
9 12 13 17 19 36 45 47
9 18 20 30 33 34 38 40
10 13 14 18 20 37 46 48
10 19 21 31 34 35 39 41
11 20 22 32 35 36 40 42
12 21 23 33 36 37 41 43
13 22 24 34 37 38 42 44
14 23 25 35 38 39 43 45
15 24 26 36 39 40 44 46
16 25 27 37 40 41 45 47
17 26 28 38 41 42 46 48
