1 4 17 23 27 28 35 37
1 5 6 13 15 27 30 43
1 7 11 12 19 21 33 36
1 8 10 22 25 38 44 48
1 13 16 29 35 39 40 47
1 14 20 24 25 32 34 46
2 3 10 12 24 27 40 46
2 4 16 19 32 38 42 43
2 5 18 24 28 29 36 38
2 6 7 14 16 28 31 44
2 8 12 13 20 22 34 37
2 14 17 30 36 40 41 48
2 15 21 25 26 33 35 47
3 4 11 13 25 28 41 47
3 5 17 20 33 39 43 44
3 6 19 25 29 30 37 39
3 7 8 15 17 29 32 45
3 9 13 14 21 23 35 38
3 16 22 26 27 34 36 48
4 5 12 14 26 29 42 48
4 6 18 21 34 40 44 45
4 7 20 26 30 31 38 40
4 8 9 16 18 30 33 46
4 10 14 15 22 24 36 39
5 7 19 22 35 41 45 46
5 8 21 27 31 32 39 41
5 9 10 17 19 31 34 47
5 11 15 16 23 25 37 40
6 8 20 23 36 42 46 47
6 9 22 28 32 33 40 42
6 10 11 18 20 32 35 48
6 12 16 17 24 26 38 41
7 9 21 24 37 43 47 48
7 10 23 29 33 34 41 43
7 13 17 18 25 27 39 42
8 11 24 30 34 35 42 44
8 14 18 19 26 28 40 43
9 12 25 31 35 36 43 45
9 15 19 20 27 29 41 44
10 13 26 32 36 37 44 46
10 16 20 21 28 30 42 45
11 14 27 33 37 38 45 47
11 17 21 22 29 31 43 46
12 15 28 34 38 39 46 48
12 18 22 23 30 32 44 47
13 19 23 24 31 33 45 48
