1 3 15 16 24 40 44 46
1 4 6 18 19 27 43 47
1 5 7 10 12 24 25 33
1 9 25 29 31 34 36 48
1 13 14 22 38 42 44 47
1 17 21 23 26 28 40 41
2 3 11 27 31 33 36 38
2 4 7 9 21 22 30 46
2 4 16 17 25 41 45 47
2 5 7 19 20 28 44 48
2 6 8 11 13 25 26 34
2 14 15 23 39 43 45 48
2 18 22 24 27 29 41 42
3 4 12 28 32 34 37 39
3 5 8 10 22 23 31 47
3 5 17 18 26 42 46 48
3 7 9 12 14 26 27 35
3 19 23 25 28 30 42 43
4 5 13 29 33 35 38 40
4 6 9 11 23 24 32 48
4 8 10 13 15 27 28 36
4 20 24 26 29 31 43 44
5 6 14 30 34 36 39 41
5 9 11 14 16 28 29 37
5 21 25 27 30 32 44 45
6 7 15 31 35 37 40 42
6 10 12 15 17 29 30 38
6 22 26 28 31 33 45 46
7 8 16 32 36 38 41 43
7 11 13 16 18 30 31 39
7 23 27 29 32 34 46 47
8 9 17 33 37 39 42 44
8 12 14 17 19 31 32 40
8 24 28 30 33 35 47 48
9 10 18 34 38 40 43 45
9 13 15 18 20 32 33 41
10 11 19 35 39 41 44 46
10 14 16 19 21 33 34 42
11 12 20 36 40 42 45 47
11 15 17 20 22 34 35 43
12 13 21 37 41 43 46 48
12 16 18 21 23 35 36 44
13 17 19 22 24 36 37 45
14 18 20 23 25 37 38 46
15 19 21 24 26 38 39 47
16 20 22 25 27 39 40 48
