1 2 14 24 30 41 45 48
1 5 8 9 10 22 32 38
1 7 18 22 25 26 27 39
1 11 17 28 32 35 36 37
1 12 16 19 20 21 33 43
1 13 23 29 40 44 47 48
2 3 4 16 26 32 43 47
2 5 6 7 19 29 35 46
2 6 9 10 11 23 33 39
2 8 19 23 26 27 28 40
2 12 18 29 33 36 37 38
2 13 17 20 21 22 34 44
3 4 5 17 27 33 44 48
3 6 7 8 20 30 36 47
3 7 10 11 12 24 34 40
3 9 20 24 27 28 29 41
3 13 19 30 34 37 38 39
3 14 18 21 22 23 35 45
4 7 8 9 21 31 37 48
4 8 11 12 13 25 35 41
4 10 21 25 28 29 30 42
4 14 20 31 35 38 39 40
4 15 19 22 23 24 36 46
5 9 12 13 14 26 36 42
5 11 22 26 29 30 31 43
5 15 21 32 36 39 40 41
5 16 20 23 24 25 37 47
6 10 13 14 15 27 37 43
6 12 23 27 30 31 32 44
6 16 22 33 37 40 41 42
6 17 21 24 25 26 38 48
7 11 14 15 16 28 38 44
7 13 24 28 31 32 33 45
7 17 23 34 38 41 42 43
8 12 15 16 17 29 39 45
8 14 25 29 32 33 34 46
8 18 24 35 39 42 43 44
9 13 16 17 18 30 40 46
9 15 26 30 33 34 35 47
9 19 25 36 40 43 44 45
10 14 17 18 19 31 41 47
10 16 27 31 34 35 36 48
10 20 26 37 41 44 45 46
11 15 18 19 20 32 42 48
11 21 27 38 42 45 46 47
12 22 28 39 43 46 47 48
