1 3 4 11 17 19 23 28
1 5 10 31 33 34 41 47
1 6 27 29 30 37 43 45
1 7 9 13 18 39 41 42
1 8 14 16 20 25 46 48
1 22 24 25 32 38 40 44
2 3 10 16 18 22 27 48
2 4 5 12 18 20 24 29
2 4 8 13 34 36 37 44
2 6 11 32 34 35 42 48
2 7 28 30 31 38 44 46
2 8 10 14 19 40 42 43
2 23 25 26 33 39 41 45
3 5 6 13 19 21 25 30
3 5 9 14 35 37 38 45
3 8 29 31 32 39 45 47
3 9 11 15 20 41 43 44
3 24 26 27 34 40 42 46
4 6 7 14 20 22 26 31
4 6 10 15 36 38 39 46
4 9 30 32 33 40 46 48
4 10 12 16 21 42 44 45
4 25 27 28 35 41 43 47
5 7 8 15 21 23 27 32
5 7 11 16 37 39 40 47
5 11 13 17 22 43 45 46
5 26 28 29 36 42 44 48
6 8 9 16 22 24 28 33
6 8 12 17 38 40 41 48
6 12 14 18 23 44 46 47
7 9 10 17 23 25 29 34
7 13 15 19 24 45 47 48
8 10 11 18 24 26 30 35
9 11 12 19 25 27 31 36
10 12 13 20 26 28 32 37
11 13 14 21 27 29 33 38
12 14 15 22 28 30 34 39
13 15 16 23 29 31 35 40
14 16 17 24 30 32 36 41
15 17 18 25 31 33 37 42
16 18 19 26 32 34 38 43
17 19 20 27 33 35 39 44
18 20 21 28 34 36 40 45
19 21 22 29 35 37 41 46
20 22 23 30 36 38 42 47
21 23 24 31 37 39 43 48
