1 3 7 8 17 32 35 43
1 5 6 15 30 33 41 47
1 7 9 13 14 23 38 41
1 9 15 17 21 22 31 46
1 10 25 28 36 42 44 48
1 16 19 27 33 35 39 40
2 3 12 27 30 38 44 46
2 4 8 9 18 33 36 44
2 5 13 19 21 25 26 35
2 6 7 16 31 34 42 48
2 8 10 14 15 24 39 42
2 10 16 18 22 23 32 47
2 17 20 28 34 36 40 41
3 4 13 28 31 39 45 47
3 5 9 10 19 34 37 45
3 6 14 20 22 26 27 36
3 9 11 15 16 25 40 43
3 11 17 19 23 24 33 48
3 18 21 29 35 37 41 42
4 5 14 29 32 40 46 48
4 6 10 11 20 35 38 46
4 7 15 21 23 27 28 37
4 10 12 16 17 26 41 44
4 19 22 30 36 38 42 43
5 7 11 12 21 36 39 47
5 8 16 22 24 28 29 38
5 11 13 17 18 27 42 45
5 20 23 31 37 39 43 44
6 8 12 13 22 37 40 48
6 9 17 23 25 29 30 39
6 12 14 18 19 28 43 46
6 21 24 32 38 40 44 45
7 10 18 24 26 30 31 40
7 13 15 19 20 29 44 47
7 22 25 33 39 41 45 46
8 11 19 25 27 31 32 41
8 14 16 20 21 30 45 48
8 23 26 34 40 42 46 47
9 12 20 26 28 32 33 42
9 24 27 35 41 43 47 48
10 13 21 27 29 33 34 43
11 14 22 28 30 34 35 44
12 15 23 29 31 35 36 45
13 16 24 30 32 36 37 46
14 17 25 31 33 37 38 47
15 18 26 32 34 38 39 48
