1 3 9 18 22 23 39 46
1 4 6 12 21 25 26 42
1 7 16 20 21 37 44 47
1 8 11 13 19 28 32 33
1 10 14 15 31 38 41 43
1 17 24 27 29 35 44 48
2 3 19 26 29 31 37 46
2 4 10 19 23 24 40 47
2 5 7 13 22 26 27 43
2 6 7 23 30 33 35 41
2 8 17 21 22 38 45 48
2 9 12 14 20 29 33 34
2 11 15 16 32 39 42 44
3 4 20 27 30 32 38 47
3 5 11 20 24 25 41 48
3 6 8 14 23 27 28 44
3 7 8 24 31 34 36 42
3 10 13 15 21 30 34 35
3 12 16 17 33 40 43 45
4 5 21 28 31 33 39 48
4 7 9 15 24 28 29 45
4 8 9 25 32 35 37 43
4 11 14 16 22 31 35 36
4 13 17 18 34 41 44 46
5 8 10 16 25 29 30 46
5 9 10 26 33 36 38 44
5 12 15 17 23 32 36 37
5 14 18 19 35 42 45 47
6 9 11 17 26 30 31 47
6 10 11 27 34 37 39 45
6 13 16 18 24 33 37 38
6 15 19 20 36 43 46 48
7 10 12 18 27 31 32 48
7 11 12 28 35 38 40 46
7 14 17 19 25 34 38 39
8 12 13 29 36 39 41 47
8 15 18 20 26 35 39 40
9 13 14 30 37 40 42 48
9 16 19 21 27 36 40 41
10 17 20 22 28 37 41 42
11 18 21 23 29 38 42 43
12 19 22 24 30 39 43 44
13 20 23 25 31 40 44 45
14 21 24 26 32 41 45 46
15 22 25 27 33 42 46 47
16 23 26 28 34 43 47 48
