1 3 11 16 17 19 23 40
1 5 22 31 33 41 46 47
1 6 7 9 13 30 39 41
1 9 14 15 17 21 38 47
1 10 12 20 25 26 28 32
1 18 27 29 37 42 43 45
2 3 5 9 26 35 37 45
2 4 12 17 18 20 24 41
2 6 23 32 34 42 47 48
2 7 8 10 14 31 40 42
2 10 15 16 18 22 39 48
2 11 13 21 26 27 29 33
2 19 28 30 38 43 44 46
3 4 6 10 27 36 38 46
3 5 13 18 19 21 25 42
3 8 9 11 15 32 41 43
3 12 14 22 27 28 30 34
3 20 29 31 39 44 45 47
4 5 7 11 28 37 39 47
4 6 14 19 20 22 26 43
4 9 10 12 16 33 42 44
4 13 15 23 28 29 31 35
4 21 30 32 40 45 46 48
5 6 8 12 29 38 40 48
5 7 15 20 21 23 27 44
5 10 11 13 17 34 43 45
5 14 16 24 29 30 32 36
6 8 16 21 22 24 28 45
6 11 12 14 18 35 44 46
6 15 17 25 30 31 33 37
7 9 17 22 23 25 29 46
7 12 13 15 19 36 45 47
7 16 18 26 31 32 34 38
8 10 18 23 24 26 30 47
8 13 14 16 20 37 46 48
8 17 19 27 32 33 35 39
9 11 19 24 25 27 31 48
9 18 20 28 33 34 36 40
10 19 21 29 34 35 37 41
11 20 22 30 35 36 38 42
12 21 23 31 36 37 39 43
13 22 24 32 37 38 40 44
14 23 25 33 38 39 41 45
15 24 26 34 39 40 42 46
16 25 27 35 40 41 43 47
17 26 28 36 41 42 44 48
