1 3 10 11 22 27 42 45
1 4 8 10 17 18 29 34
1 6 21 24 28 30 37 38
1 8 9 20 25 40 43 47
1 12 17 32 35 39 41 48
1 16 19 23 25 32 33 44
2 3 14 19 34 37 41 43
2 4 11 12 23 28 43 46
2 5 9 11 18 19 30 35
2 6 8 15 16 27 32 47
2 7 22 25 29 31 38 39
2 9 10 21 26 41 44 48
2 17 20 24 26 33 34 45
3 4 15 20 35 38 42 44
3 5 12 13 24 29 44 47
3 6 10 12 19 20 31 36
3 7 9 16 17 28 33 48
3 8 23 26 30 32 39 40
3 18 21 25 27 34 35 46
4 5 16 21 36 39 43 45
4 6 13 14 25 30 45 48
4 7 11 13 20 21 32 37
4 9 24 27 31 33 40 41
4 19 22 26 28 35 36 47
5 6 17 22 37 40 44 46
5 8 12 14 21 22 33 38
5 10 25 28 32 34 41 42
5 20 23 27 29 36 37 48
6 7 18 23 38 41 45 47
6 9 13 15 22 23 34 39
6 11 26 29 33 35 42 43
7 8 19 24 39 42 46 48
7 10 14 16 23 24 35 40
7 12 27 30 34 36 43 44
8 11 15 17 24 25 36 41
8 13 28 31 35 37 44 45
9 12 16 18 25 26 37 42
9 14 29 32 36 38 45 46
10 13 17 19 26 27 38 43
10 15 30 33 37 39 46 47
11 14 18 20 27 28 39 44
11 16 31 34 38 40 47 48
12 15 19 21 28 29 40 45
13 16 20 22 29 30 41 46
14 17 21 23 30 31 42 47
15 18 22 24 31 32 43 48
