1 4 5 9 14 16 32 38
1 5 10 12 28 34 45 48
1 6 8 24 30 41 44 45
1 7 18 21 22 26 31 33
1 12 15 16 20 25 27 43
1 17 23 34 37 38 42 47
2 3 7 12 14 30 36 47
2 4 20 26 37 40 41 45
2 5 6 10 15 17 33 39
2 7 9 25 31 42 45 46
2 8 19 22 23 27 32 34
2 13 16 17 21 26 28 44
2 18 24 35 38 39 43 48
3 4 8 13 15 31 37 48
3 5 21 27 38 41 42 46
3 6 7 11 16 18 34 40
3 8 10 26 32 43 46 47
3 9 20 23 24 28 33 35
3 14 17 18 22 27 29 45
4 6 22 28 39 42 43 47
4 7 8 12 17 19 35 41
4 9 11 27 33 44 47 48
4 10 21 24 25 29 34 36
4 15 18 19 23 28 30 46
5 7 23 29 40 43 44 48
5 8 9 13 18 20 36 42
5 11 22 25 26 30 35 37
5 16 19 20 24 29 31 47
6 9 10 14 19 21 37 43
6 12 23 26 27 31 36 38
6 17 20 21 25 30 32 48
7 10 11 15 20 22 38 44
7 13 24 27 28 32 37 39
8 11 12 16 21 23 39 45
8 14 25 28 29 33 38 40
9 12 13 17 22 24 40 46
9 15 26 29 30 34 39 41
10 13 14 18 23 25 41 47
10 16 27 30 31 35 40 42
11 14 15 19 24 26 42 48
11 17 28 31 32 36 41 43
12 18 29 32 33 37 42 44
13 19 30 33 34 38 43 45
14 20 31 34 35 39 44 46
15 21 32 35 36 40 45 47
16 22 33 36 37 41 46 48
