1 3 16 17 33 40 43 45
1 4 6 10 12 25 26 42
1 5 7 20 21 37 44 47
1 8 11 13 17 19 32 33
1 14 15 31 38 41 43 47
1 17 24 27 29 33 35 48
2 3 19 26 29 31 35 37
2 4 8 10 23 24 40 47
2 4 17 18 34 41 44 46
2 5 7 11 13 26 27 43
2 6 8 21 22 38 45 48
2 9 12 14 18 20 33 34
2 15 16 32 39 42 44 48
3 4 20 27 30 32 36 38
3 5 9 11 24 25 41 48
3 5 18 19 35 42 45 47
3 6 8 12 14 27 28 44
3 10 13 15 19 21 34 35
4 5 21 28 31 33 37 39
4 6 19 20 36 43 46 48
4 7 9 13 15 28 29 45
4 11 14 16 20 22 35 36
5 6 22 29 32 34 38 40
5 8 10 14 16 29 30 46
5 12 15 17 21 23 36 37
6 7 23 30 33 35 39 41
6 9 11 15 17 30 31 47
6 13 16 18 22 24 37 38
7 8 24 31 34 36 40 42
7 10 12 16 18 31 32 48
7 14 17 19 23 25 38 39
8 9 25 32 35 37 41 43
8 15 18 20 24 26 39 40
9 10 26 33 36 38 42 44
9 16 19 21 25 27 40 41
10 11 27 34 37 39 43 45
10 17 20 22 26 28 41 42
11 12 28 35 38 40 44 46
11 18 21 23 27 29 42 43
12 13 29 36 39 41 45 47
12 19 22 24 28 30 43 44
13 14 30 37 40 42 46 48
13 20 23 25 29 31 44 45
14 21 24 26 30 32 45 46
15 22 25 27 31 33 46 47
16 23 26 28 32 34 47 48
