1 4 15 17 25 36 43 48
1 6 7 10 21 23 31 42
1 8 13 14 17 28 30 38
1 9 20 27 32 33 36 47
1 12 14 22 33 40 45 46
1 12 19 24 25 28 39 41
2 3 6 17 19 27 38 45
2 4 12 23 30 35 36 39
2 7 8 11 22 24 32 43
2 9 14 15 18 29 31 39
2 10 21 28 33 34 37 48
2 13 15 23 34 41 46 47
2 13 20 25 26 29 40 42
3 4 7 18 20 28 39 46
3 5 13 24 31 36 37 40
3 8 9 12 23 25 33 44
3 10 15 16 19 30 32 40
3 14 16 24 35 42 47 48
3 14 21 26 27 30 41 43
4 5 8 19 21 29 40 47
4 6 14 25 32 37 38 41
4 9 10 13 24 26 34 45
4 11 16 17 20 31 33 41
4 15 22 27 28 31 42 44
5 6 9 20 22 30 41 48
5 7 15 26 33 38 39 42
5 10 11 14 25 27 35 46
5 12 17 18 21 32 34 42
5 16 23 28 29 32 43 45
6 8 16 27 34 39 40 43
6 11 12 15 26 28 36 47
6 13 18 19 22 33 35 43
6 17 24 29 30 33 44 46
7 9 17 28 35 40 41 44
7 12 13 16 27 29 37 48
7 14 19 20 23 34 36 44
7 18 25 30 31 34 45 47
8 10 18 29 36 41 42 45
8 15 20 21 24 35 37 45
8 19 26 31 32 35 46 48
9 11 19 30 37 42 43 46
9 16 21 22 25 36 38 46
10 12 20 31 38 43 44 47
10 17 22 23 26 37 39 47
11 13 21 32 39 44 45 48
11 18 23 24 27 38 40 48
