1 2 15 18 37 39 43 48
1 3 7 12 13 14 27 30
1 5 10 11 12 25 28 47
1 6 7 8 21 24 43 45
1 14 17 36 38 42 47 48
1 20 22 26 31 32 33 46
2 3 4 17 20 39 41 45
2 4 8 13 14 15 28 31
2 5 24 26 30 35 36 37
2 6 11 12 13 26 29 48
2 7 8 9 22 25 44 46
2 21 23 27 32 33 34 47
3 4 5 18 21 40 42 46
3 5 9 14 15 16 29 32
3 6 25 27 31 36 37 38
3 8 9 10 23 26 45 47
3 22 24 28 33 34 35 48
4 5 6 19 22 41 43 47
4 6 10 15 16 17 30 33
4 7 26 28 32 37 38 39
4 9 10 11 24 27 46 48
5 6 7 20 23 42 44 48
5 7 11 16 17 18 31 34
5 8 27 29 33 38 39 40
6 8 12 17 18 19 32 35
6 9 28 30 34 39 40 41
7 9 13 18 19 20 33 36
7 10 29 31 35 40 41 42
8 10 14 19 20 21 34 37
8 11 30 32 36 41 42 43
9 11 15 20 21 22 35 38
9 12 31 33 37 42 43 44
10 12 16 21 22 23 36 39
10 13 32 34 38 43 44 45
11 13 17 22 23 24 37 40
11 14 33 35 39 44 45 46
12 14 18 23 24 25 38 41
12 15 34 36 40 45 46 47
13 15 19 24 25 26 39 42
13 16 35 37 41 46 47 48
14 16 20 25 26 27 40 43
15 17 21 26 27 28 41 44
16 18 22 27 28 29 42 45
17 19 23 28 29 30 43 46
18 20 24 29 30 31 44 47
19 21 25 30 31 32 45 48
