1 4 5 10 26 28 38 45
1 5 8 9 14 30 32 42
1 6 22 24 34 41 45 48
1 8 12 15 16 21 37 39
1 11 18 22 25 26 31 47
1 17 19 29 36 40 43 44
2 3 8 24 26 36 43 47
2 4 14 21 25 28 29 34
2 5 6 11 27 29 39 46
2 6 9 10 15 31 33 43
2 9 13 16 17 22 38 40
2 12 19 23 26 27 32 48
2 18 20 30 37 41 44 45
3 4 9 25 27 37 44 48
3 5 15 22 26 29 30 35
3 6 7 12 28 30 40 47
3 7 10 11 16 32 34 44
3 10 14 17 18 23 39 41
3 19 21 31 38 42 45 46
4 6 16 23 27 30 31 36
4 7 8 13 29 31 41 48
4 8 11 12 17 33 35 45
4 11 15 18 19 24 40 42
4 20 22 32 39 43 46 47
5 7 17 24 28 31 32 37
5 9 12 13 18 34 36 46
5 12 16 19 20 25 41 43
5 21 23 33 40 44 47 48
6 8 18 25 29 32 33 38
6 10 13 14 19 35 37 47
6 13 17 20 21 26 42 44
7 9 19 26 30 33 34 39
7 11 14 15 20 36 38 48
7 14 18 21 22 27 43 45
8 10 20 27 31 34 35 40
8 15 19 22 23 28 44 46
9 11 21 28 32 35 36 41
9 16 20 23 24 29 45 47
10 12 22 29 33 36 37 42
10 17 21 24 25 30 46 48
11 13 23 30 34 37 38 43
12 14 24 31 35 38 39 44
13 15 25 32 36 39 40 45
14 16 26 33 37 40 41 46
15 17 27 34 38 41 42 47
16 18 28 35 39 42 43 48
