1 4 10 12 20 24 25 42
1 5 6 23 30 33 39 41
1 7 9 17 21 22 39 46
1 8 11 17 19 27 31 32
1 9 13 14 31 38 41 47
1 18 25 28 34 36 44 48
2 3 20 27 30 36 38 46
2 4 12 16 17 34 41 44
2 5 11 13 21 25 26 43
2 6 7 24 31 34 40 42
2 8 10 18 22 23 40 47
2 9 12 18 20 28 32 33
2 10 14 15 32 39 42 48
3 4 21 28 31 37 39 47
3 5 13 17 18 35 42 45
3 6 12 14 22 26 27 44
3 7 8 25 32 35 41 43
3 9 11 19 23 24 41 48
3 10 13 19 21 29 33 34
4 5 22 29 32 38 40 48
4 6 14 18 19 36 43 46
4 7 13 15 23 27 28 45
4 8 9 26 33 36 42 44
4 11 14 20 22 30 34 35
5 7 15 19 20 37 44 47
5 8 14 16 24 28 29 46
5 9 10 27 34 37 43 45
5 12 15 21 23 31 35 36
6 8 16 20 21 38 45 48
6 9 15 17 25 29 30 47
6 10 11 28 35 38 44 46
6 13 16 22 24 32 36 37
7 10 16 18 26 30 31 48
7 11 12 29 36 39 45 47
7 14 17 23 25 33 37 38
8 12 13 30 37 40 46 48
8 15 18 24 26 34 38 39
9 16 19 25 27 35 39 40
10 17 20 26 28 36 40 41
11 18 21 27 29 37 41 42
12 19 22 28 30 38 42 43
13 20 23 29 31 39 43 44
14 21 24 30 32 40 44 45
15 22 25 31 33 41 45 46
16 23 26 32 34 42 46 47
17 24 27 33 35 43 47 48
