1 2 13 17 18 20 26 40
1 3 9 23 32 33 44 48
1 7 21 30 31 42 46 47
1 10 11 22 26 27 29 35
1 12 16 17 19 25 39 48
1 15 24 25 36 40 41 43
2 3 5 11 25 34 35 46
2 3 14 18 19 21 27 41
2 6 7 9 15 29 38 39
2 8 22 31 32 43 47 48
2 11 12 23 27 28 30 36
2 16 25 26 37 41 42 44
3 4 6 12 26 35 36 47
3 4 15 19 20 22 28 42
3 7 8 10 16 30 39 40
3 12 13 24 28 29 31 37
3 17 26 27 38 42 43 45
4 5 7 13 27 36 37 48
4 5 16 20 21 23 29 43
4 8 9 11 17 31 40 41
4 13 14 25 29 30 32 38
4 18 27 28 39 43 44 46
5 6 17 21 22 24 30 44
5 9 10 12 18 32 41 42
5 14 15 26 30 31 33 39
5 19 28 29 40 44 45 47
6 7 18 22 23 25 31 45
6 10 11 13 19 33 42 43
6 15 16 27 31 32 34 40
6 20 29 30 41 45 46 48
7 8 19 23 24 26 32 46
7 11 12 14 20 34 43 44
7 16 17 28 32 33 35 41
8 9 20 24 25 27 33 47
8 12 13 15 21 35 44 45
8 17 18 29 33 34 36 42
9 10 21 25 26 28 34 48
9 13 14 16 22 36 45 46
9 18 19 30 34 35 37 43
10 14 15 17 23 37 46 47
10 19 20 31 35 36 38 44
11 15 16 18 24 38 47 48
11 20 21 32 36 37 39 45
12 21 22 33 37 38 40 46
13 22 23 34 38 39 41 47
14 23 24 35 39 40 42 48
