1 3 15 18 29 41 42 47
1 4 15 27 28 33 35 37
1 6 8 10 22 25 36 48
1 12 24 25 30 32 34 46
1 13 14 19 21 23 35 38
1 13 16 27 39 40 45 47
2 3 8 10 12 24 27 38
2 4 6 18 21 32 44 45
2 4 16 19 30 42 43 48
2 5 16 28 29 34 36 38
2 13 25 26 31 33 35 47
2 14 15 20 22 24 36 39
2 14 17 28 40 41 46 48
3 4 9 11 13 25 28 39
3 5 7 19 22 33 45 46
3 6 17 29 30 35 37 39
3 14 26 27 32 34 36 48
3 15 16 21 23 25 37 40
4 5 10 12 14 26 29 40
4 6 8 20 23 34 46 47
4 7 18 30 31 36 38 40
4 16 17 22 24 26 38 41
5 6 11 13 15 27 30 41
5 7 9 21 24 35 47 48
5 8 19 31 32 37 39 41
5 17 18 23 25 27 39 42
6 7 12 14 16 28 31 42
6 9 20 32 33 38 40 42
6 18 19 24 26 28 40 43
7 8 13 15 17 29 32 43
7 10 21 33 34 39 41 43
7 19 20 25 27 29 41 44
8 9 14 16 18 30 33 44
8 11 22 34 35 40 42 44
8 20 21 26 28 30 42 45
9 10 15 17 19 31 34 45
9 12 23 35 36 41 43 45
9 21 22 27 29 31 43 46
10 11 16 18 20 32 35 46
10 13 24 36 37 42 44 46
10 22 23 28 30 32 44 47
11 12 17 19 21 33 36 47
11 14 25 37 38 43 45 47
11 23 24 29 31 33 45 48
12 13 18 20 22 34 37 48
12 15 26 38 39 44 46 48
