1 2 11 14 22 26 43 48
1 4 12 16 33 38 39 40
1 5 22 27 28 29 38 41
1 9 13 30 35 36 37 46
1 10 13 21 25 42 47 48
1 18 23 24 25 34 37 45
2 3 4 13 16 24 28 45
2 5 13 17 34 39 40 41
2 6 23 28 29 30 39 42
2 7 8 9 18 21 29 33
2 10 14 31 36 37 38 47
2 19 24 25 26 35 38 46
3 4 5 14 17 25 29 46
3 6 14 18 35 40 41 42
3 7 24 29 30 31 40 43
3 8 9 10 19 22 30 34
3 11 15 32 37 38 39 48
3 20 25 26 27 36 39 47
4 5 6 15 18 26 30 47
4 7 15 19 36 41 42 43
4 8 25 30 31 32 41 44
4 9 10 11 20 23 31 35
4 21 26 27 28 37 40 48
5 6 7 16 19 27 31 48
5 8 16 20 37 42 43 44
5 9 26 31 32 33 42 45
5 10 11 12 21 24 32 36
6 9 17 21 38 43 44 45
6 10 27 32 33 34 43 46
6 11 12 13 22 25 33 37
7 10 18 22 39 44 45 46
7 11 28 33 34 35 44 47
7 12 13 14 23 26 34 38
8 11 19 23 40 45 46 47
8 12 29 34 35 36 45 48
8 13 14 15 24 27 35 39
9 12 20 24 41 46 47 48
9 14 15 16 25 28 36 40
10 15 16 17 26 29 37 41
11 16 17 18 27 30 38 42
12 17 18 19 28 31 39 43
13 18 19 20 29 32 40 44
14 19 20 21 30 33 41 45
15 20 21 22 31 34 42 46
16 21 22 23 32 35 43 47
17 22 23 24 33 36 44 48
