1 3 16 21 37 40 41 47
1 4 5 11 13 15 28 33
1 6 22 25 26 32 34 36
1 7 9 11 24 29 45 48
1 14 19 35 38 39 45 47
1 17 20 21 27 29 31 44
2 3 9 11 13 26 31 47
2 4 6 19 24 40 43 44
2 4 17 22 38 41 42 48
2 5 6 12 14 16 29 34
2 7 23 26 27 33 35 37
2 15 20 36 39 40 46 48
2 18 21 22 28 30 32 45
3 4 10 12 14 27 32 48
3 5 7 20 25 41 44 45
3 6 7 13 15 17 30 35
3 8 24 27 28 34 36 38
3 19 22 23 29 31 33 46
4 6 8 21 26 42 45 46
4 7 8 14 16 18 31 36
4 9 25 28 29 35 37 39
4 20 23 24 30 32 34 47
5 7 9 22 27 43 46 47
5 8 9 15 17 19 32 37
5 10 26 29 30 36 38 40
5 21 24 25 31 33 35 48
6 8 10 23 28 44 47 48
6 9 10 16 18 20 33 38
6 11 27 30 31 37 39 41
7 10 11 17 19 21 34 39
7 12 28 31 32 38 40 42
8 11 12 18 20 22 35 40
8 13 29 32 33 39 41 43
9 12 13 19 21 23 36 41
9 14 30 33 34 40 42 44
10 13 14 20 22 24 37 42
10 15 31 34 35 41 43 45
11 14 15 21 23 25 38 43
11 16 32 35 36 42 44 46
12 15 16 22 24 26 39 44
12 17 33 36 37 43 45 47
13 16 17 23 25 27 40 45
13 18 34 37 38 44 46 48
14 17 18 24 26 28 41 46
15 18 19 25 27 29 42 47
16 19 20 26 28 30 43 48
