1 4 13 21 23 27 28 39
1 5 6 17 27 30 39 47
1 9 11 15 16 27 37 40
1 10 18 20 24 25 36 46
1 11 14 23 31 33 37 38
1 12 22 25 34 42 44 48
2 3 14 24 27 36 44 46
2 4 8 9 20 30 33 42
2 5 14 22 24 28 29 40
2 6 7 18 28 31 40 48
2 10 12 16 17 28 38 41
2 11 19 21 25 26 37 47
2 12 15 24 32 34 38 39
3 4 15 25 28 37 45 47
3 5 9 10 21 31 34 43
3 6 15 23 25 29 30 41
3 11 13 17 18 29 39 42
3 12 20 22 26 27 38 48
3 13 16 25 33 35 39 40
4 5 16 26 29 38 46 48
4 6 10 11 22 32 35 44
4 7 16 24 26 30 31 42
4 12 14 18 19 30 40 43
4 14 17 26 34 36 40 41
5 7 11 12 23 33 36 45
5 8 17 25 27 31 32 43
5 13 15 19 20 31 41 44
5 15 18 27 35 37 41 42
6 8 12 13 24 34 37 46
6 9 18 26 28 32 33 44
6 14 16 20 21 32 42 45
6 16 19 28 36 38 42 43
7 9 13 14 25 35 38 47
7 10 19 27 29 33 34 45
7 15 17 21 22 33 43 46
7 17 20 29 37 39 43 44
8 10 14 15 26 36 39 48
8 11 20 28 30 34 35 46
8 16 18 22 23 34 44 47
8 18 21 30 38 40 44 45
9 12 21 29 31 35 36 47
9 17 19 23 24 35 45 48
9 19 22 31 39 41 45 46
10 13 22 30 32 36 37 48
10 20 23 32 40 42 46 47
11 21 24 33 41 43 47 48
