1 3 24 29 33 35 41 48
1 5 7 13 20 21 23 44
1 6 10 12 18 25 26 28
1 7 14 15 17 38 43 47
1 8 9 11 32 37 41 43
1 22 27 31 33 39 46 47
2 3 5 26 31 35 37 43
2 4 10 17 18 20 41 46
2 6 8 14 21 22 24 45
2 7 11 13 19 26 27 29
2 8 15 16 18 39 44 48
2 9 10 12 33 38 42 44
2 23 28 32 34 40 47 48
3 4 6 27 32 36 38 44
3 5 11 18 19 21 42 47
3 7 9 15 22 23 25 46
3 8 12 14 20 27 28 30
3 10 11 13 34 39 43 45
4 5 7 28 33 37 39 45
4 6 12 19 20 22 43 48
4 8 10 16 23 24 26 47
4 9 13 15 21 28 29 31
4 11 12 14 35 40 44 46
5 6 8 29 34 38 40 46
5 9 11 17 24 25 27 48
5 10 14 16 22 29 30 32
5 12 13 15 36 41 45 47
6 7 9 30 35 39 41 47
6 11 15 17 23 30 31 33
6 13 14 16 37 42 46 48
7 8 10 31 36 40 42 48
7 12 16 18 24 31 32 34
8 13 17 19 25 32 33 35
9 14 18 20 26 33 34 36
10 15 19 21 27 34 35 37
11 16 20 22 28 35 36 38
12 17 21 23 29 36 37 39
13 18 22 24 30 37 38 40
14 19 23 25 31 38 39 41
15 20 24 26 32 39 40 42
16 21 25 27 33 40 41 43
17 22 26 28 34 41 42 44
18 23 27 29 35 42 43 45
19 24 28 30 36 43 44 46
20 25 29 31 37 44 45 47
21 26 30 32 38 45 46 48
