1 4 6 9 17 18 24 28
1 4 12 13 19 23 44 47
1 5 26 29 31 34 42 43
1 7 11 32 35 37 40 48
1 9 10 16 20 41 44 46
1 22 25 27 30 38 39 45
2 3 9 13 34 37 39 42
2 4 7 15 16 22 26 47
2 5 7 10 18 19 25 29
2 5 13 14 20 24 45 48
2 6 27 30 32 35 43 44
2 10 11 17 21 42 45 47
2 23 26 28 31 39 40 46
3 4 10 14 35 38 40 43
3 5 8 16 17 23 27 48
3 6 8 11 19 20 26 30
3 7 28 31 33 36 44 45
3 11 12 18 22 43 46 48
3 24 27 29 32 40 41 47
4 5 11 15 36 39 41 44
4 7 9 12 20 21 27 31
4 8 29 32 34 37 45 46
4 25 28 30 33 41 42 48
5 6 12 16 37 40 42 45
5 8 10 13 21 22 28 32
5 9 30 33 35 38 46 47
6 7 13 17 38 41 43 46
6 9 11 14 22 23 29 33
6 10 31 34 36 39 47 48
7 8 14 18 39 42 44 47
7 10 12 15 23 24 30 34
8 9 15 19 40 43 45 48
8 11 13 16 24 25 31 35
9 12 14 17 25 26 32 36
10 13 15 18 26 27 33 37
11 14 16 19 27 28 34 38
12 15 17 20 28 29 35 39
13 16 18 21 29 30 36 40
14 17 19 22 30 31 37 41
15 18 20 23 31 32 38 42
16 19 21 24 32 33 39 43
17 20 22 25 33 34 40 44
18 21 23 26 34 35 41 45
19 22 24 27 35 36 42 46
20 23 25 28 36 37 43 47
21 24 26 29 37 38 44 48
