1 4 10 14 25 26 42 44
1 5 16 17 33 35 40 43
1 6 9 15 19 30 31 47
1 7 11 22 23 39 41 46
1 12 13 29 31 36 39 45
1 17 19 24 27 33 37 48
2 3 19 21 26 29 35 39
2 4 9 12 18 22 33 34
2 5 11 15 26 27 43 45
2 6 17 18 34 36 41 44
2 7 10 16 20 31 32 48
2 8 12 23 24 40 42 47
2 13 14 30 32 37 40 46
3 4 20 22 27 30 36 40
3 5 10 13 19 23 34 35
3 6 12 16 27 28 44 46
3 7 18 19 35 37 42 45
3 9 13 24 25 41 43 48
3 14 15 31 33 38 41 47
4 5 21 23 28 31 37 41
4 6 11 14 20 24 35 36
4 7 13 17 28 29 45 47
4 8 19 20 36 38 43 46
4 15 16 32 34 39 42 48
5 6 22 24 29 32 38 42
5 7 12 15 21 25 36 37
5 8 14 18 29 30 46 48
5 9 20 21 37 39 44 47
6 7 23 25 30 33 39 43
6 8 13 16 22 26 37 38
6 10 21 22 38 40 45 48
7 8 24 26 31 34 40 44
7 9 14 17 23 27 38 39
8 9 25 27 32 35 41 45
8 10 15 18 24 28 39 40
9 10 26 28 33 36 42 46
9 11 16 19 25 29 40 41
10 11 27 29 34 37 43 47
10 12 17 20 26 30 41 42
11 12 28 30 35 38 44 48
11 13 18 21 27 31 42 43
12 14 19 22 28 32 43 44
13 15 20 23 29 33 44 45
14 16 21 24 30 34 45 46
15 17 22 25 31 35 46 47
16 18 23 26 32 36 47 48
