1 3 9 10 14 17 34 39
1 4 21 26 36 38 44 45
1 6 16 18 24 25 29 32
1 7 8 12 15 32 37 47
1 11 13 19 20 24 27 44
1 18 23 33 35 41 42 46
2 3 7 10 27 32 42 44
2 4 10 11 15 18 35 40
2 5 22 27 37 39 45 46
2 7 17 19 25 26 30 33
2 8 9 13 16 33 38 48
2 12 14 20 21 25 28 45
2 19 24 34 36 42 43 47
3 4 8 11 28 33 43 45
3 5 11 12 16 19 36 41
3 6 23 28 38 40 46 47
3 8 18 20 26 27 31 34
3 13 15 21 22 26 29 46
3 20 25 35 37 43 44 48
4 5 9 12 29 34 44 46
4 6 12 13 17 20 37 42
4 7 24 29 39 41 47 48
4 9 19 21 27 28 32 35
4 14 16 22 23 27 30 47
5 6 10 13 30 35 45 47
5 7 13 14 18 21 38 43
5 10 20 22 28 29 33 36
5 15 17 23 24 28 31 48
6 7 11 14 31 36 46 48
6 8 14 15 19 22 39 44
6 11 21 23 29 30 34 37
7 9 15 16 20 23 40 45
7 12 22 24 30 31 35 38
8 10 16 17 21 24 41 46
8 13 23 25 31 32 36 39
9 11 17 18 22 25 42 47
9 14 24 26 32 33 37 40
10 12 18 19 23 26 43 48
10 15 25 27 33 34 38 41
11 16 26 28 34 35 39 42
12 17 27 29 35 36 40 43
13 18 28 30 36 37 41 44
14 19 29 31 37 38 42 45
15 20 30 32 38 39 43 46
16 21 31 33 39 40 44 47
17 22 32 34 40 41 45 48
