1 5 12 17 27 33 35 36
1 6 16 22 24 25 38 42
1 7 9 10 23 27 34 39
1 8 13 23 29 31 32 45
1 11 17 19 20 33 37 44
1 14 18 25 30 40 46 48
2 3 16 20 27 32 42 48
2 4 5 18 22 29 34 44
2 6 13 18 28 34 36 37
2 7 17 23 25 26 39 43
2 8 10 11 24 28 35 40
2 9 14 24 30 32 33 46
2 12 18 20 21 34 38 45
3 5 6 19 23 30 35 45
3 7 14 19 29 35 37 38
3 8 18 24 26 27 40 44
3 9 11 12 25 29 36 41
3 10 15 25 31 33 34 47
3 13 19 21 22 35 39 46
4 6 7 20 24 31 36 46
4 8 15 20 30 36 38 39
4 9 19 25 27 28 41 45
4 10 12 13 26 30 37 42
4 11 16 26 32 34 35 48
4 14 20 22 23 36 40 47
5 7 8 21 25 32 37 47
5 9 16 21 31 37 39 40
5 10 20 26 28 29 42 46
5 11 13 14 27 31 38 43
5 15 21 23 24 37 41 48
6 8 9 22 26 33 38 48
6 10 17 22 32 38 40 41
6 11 21 27 29 30 43 47
6 12 14 15 28 32 39 44
7 11 18 23 33 39 41 42
7 12 22 28 30 31 44 48
7 13 15 16 29 33 40 45
8 12 19 24 34 40 42 43
8 14 16 17 30 34 41 46
9 13 20 25 35 41 43 44
9 15 17 18 31 35 42 47
10 14 21 26 36 42 44 45
10 16 18 19 32 36 43 48
11 15 22 27 37 43 45 46
12 16 23 28 38 44 46 47
13 17 24 29 39 45 47 48
