1 4 9 11 15 27 28 43
1 5 17 18 33 39 42 47
1 6 8 12 24 25 40 46
1 7 10 15 17 21 33 34
1 13 14 29 35 38 43 45
1 16 22 25 30 32 36 48
2 3 18 24 27 32 34 38
2 4 8 20 21 36 42 45
2 5 10 12 16 28 29 44
2 6 18 19 34 40 43 48
2 7 9 13 25 26 41 47
2 8 11 16 18 22 34 35
2 14 15 30 36 39 44 46
3 4 19 25 28 33 35 39
3 5 9 21 22 37 43 46
3 6 11 13 17 29 30 45
3 8 10 14 26 27 42 48
3 9 12 17 19 23 35 36
3 15 16 31 37 40 45 47
4 5 20 26 29 34 36 40
4 6 10 22 23 38 44 47
4 7 12 14 18 30 31 46
4 10 13 18 20 24 36 37
4 16 17 32 38 41 46 48
5 6 21 27 30 35 37 41
5 7 11 23 24 39 45 48
5 8 13 15 19 31 32 47
5 11 14 19 21 25 37 38
6 7 22 28 31 36 38 42
6 9 14 16 20 32 33 48
6 12 15 20 22 26 38 39
7 8 23 29 32 37 39 43
7 13 16 21 23 27 39 40
8 9 24 30 33 38 40 44
8 14 17 22 24 28 40 41
9 10 25 31 34 39 41 45
9 15 18 23 25 29 41 42
10 11 26 32 35 40 42 46
10 16 19 24 26 30 42 43
11 12 27 33 36 41 43 47
11 17 20 25 27 31 43 44
12 13 28 34 37 42 44 48
12 18 21 26 28 32 44 45
13 19 22 27 29 33 45 46
14 20 23 28 30 34 46 47
15 21 24 29 31 35 47 48
