1 4 5 10 24 34 36 45
1 5 8 9 14 28 38 40
1 6 20 30 32 41 45 48
1 10 14 17 18 23 37 47
1 11 13 22 26 29 30 35
1 15 25 27 36 40 43 44
2 3 8 22 32 34 43 47
2 4 13 17 20 21 26 40
2 5 6 11 25 35 37 46
2 6 9 10 15 29 39 41
2 11 15 18 19 24 38 48
2 12 14 23 27 30 31 36
2 16 26 28 37 41 44 45
3 4 9 23 33 35 44 48
3 5 14 18 21 22 27 41
3 6 7 12 26 36 38 47
3 7 10 11 16 30 40 42
3 13 15 24 28 31 32 37
3 17 27 29 38 42 45 46
4 6 15 19 22 23 28 42
4 7 8 13 27 37 39 48
4 8 11 12 17 31 41 43
4 14 16 25 29 32 33 38
4 18 28 30 39 43 46 47
5 7 16 20 23 24 29 43
5 9 12 13 18 32 42 44
5 15 17 26 30 33 34 39
5 19 29 31 40 44 47 48
6 8 17 21 24 25 30 44
6 10 13 14 19 33 43 45
6 16 18 27 31 34 35 40
7 9 18 22 25 26 31 45
7 11 14 15 20 34 44 46
7 17 19 28 32 35 36 41
8 10 19 23 26 27 32 46
8 12 15 16 21 35 45 47
8 18 20 29 33 36 37 42
9 11 20 24 27 28 33 47
9 13 16 17 22 36 46 48
9 19 21 30 34 37 38 43
10 12 21 25 28 29 34 48
10 20 22 31 35 38 39 44
11 21 23 32 36 39 40 45
12 22 24 33 37 40 41 46
13 23 25 34 38 41 42 47
14 24 26 35 39 42 43 48
