1 5 13 23 34 36 37 43
1 7 11 19 29 40 42 43
1 7 13 17 25 35 46 48
1 9 19 30 32 33 39 45
1 11 22 24 25 31 37 41
1 12 14 15 21 27 31 39
2 3 9 15 19 27 37 48
2 4 5 11 17 21 29 39
2 6 14 24 35 37 38 44
2 8 12 20 30 41 43 44
2 10 20 31 33 34 40 46
2 12 23 25 26 32 38 42
2 13 15 16 22 28 32 40
3 5 6 12 18 22 30 40
3 7 15 25 36 38 39 45
3 9 13 21 31 42 44 45
3 11 21 32 34 35 41 47
3 13 24 26 27 33 39 43
3 14 16 17 23 29 33 41
4 6 7 13 19 23 31 41
4 8 16 26 37 39 40 46
4 10 14 22 32 43 45 46
4 12 22 33 35 36 42 48
4 14 25 27 28 34 40 44
4 15 17 18 24 30 34 42
5 7 8 14 20 24 32 42
5 9 17 27 38 40 41 47
5 11 15 23 33 44 46 47
5 15 26 28 29 35 41 45
5 16 18 19 25 31 35 43
6 8 9 15 21 25 33 43
6 10 18 28 39 41 42 48
6 12 16 24 34 45 47 48
6 16 27 29 30 36 42 46
6 17 19 20 26 32 36 44
7 9 10 16 22 26 34 44
7 17 28 30 31 37 43 47
7 18 20 21 27 33 37 45
8 10 11 17 23 27 35 45
8 18 29 31 32 38 44 48
8 19 21 22 28 34 38 46
9 11 12 18 24 28 36 46
9 20 22 23 29 35 39 47
10 12 13 19 25 29 37 47
10 21 23 24 30 36 40 48
11 13 14 20 26 30 38 48
