1 3 5 11 12 15 31 36
1 4 20 25 38 40 42 48
1 6 19 21 23 29 30 33
1 7 8 11 27 32 45 47
1 14 16 18 24 25 28 44
1 17 22 35 37 39 45 46
2 3 6 22 27 40 42 44
2 4 6 12 13 16 32 37
2 4 10 11 14 30 35 48
2 7 20 22 24 30 31 34
2 8 9 12 28 33 46 48
2 15 17 19 25 26 29 45
2 18 23 36 38 40 46 47
3 4 7 23 28 41 43 45
3 5 7 13 14 17 33 38
3 8 21 23 25 31 32 35
3 16 18 20 26 27 30 46
3 19 24 37 39 41 47 48
4 5 8 24 29 42 44 46
4 6 8 14 15 18 34 39
4 9 22 24 26 32 33 36
4 17 19 21 27 28 31 47
5 6 9 25 30 43 45 47
5 7 9 15 16 19 35 40
5 10 23 25 27 33 34 37
5 18 20 22 28 29 32 48
6 7 10 26 31 44 46 48
6 8 10 16 17 20 36 41
6 11 24 26 28 34 35 38
7 9 11 17 18 21 37 42
7 12 25 27 29 35 36 39
8 10 12 18 19 22 38 43
8 13 26 28 30 36 37 40
9 11 13 19 20 23 39 44
9 14 27 29 31 37 38 41
10 12 14 20 21 24 40 45
10 15 28 30 32 38 39 42
11 13 15 21 22 25 41 46
11 16 29 31 33 39 40 43
12 14 16 22 23 26 42 47
12 17 30 32 34 40 41 44
13 15 17 23 24 27 43 48
13 18 31 33 35 41 42 45
14 19 32 34 36 42 43 46
15 20 33 35 37 43 44 47
16 21 34 36 38 44 45 48
