1 5 20 28 29 31 36 43
1 6 13 19 23 38 46 47
1 7 11 26 34 35 37 42
1 8 14 18 33 41 42 44
1 9 10 12 17 24 30 34
1 16 24 25 27 32 39 45
2 3 5 10 17 23 27 42
2 6 21 29 30 32 37 44
2 7 14 20 24 39 47 48
2 8 12 27 35 36 38 43
2 9 15 19 34 42 43 45
2 10 11 13 18 25 31 35
2 17 25 26 28 33 40 46
3 4 6 11 18 24 28 43
3 7 22 30 31 33 38 45
3 9 13 28 36 37 39 44
3 10 16 20 35 43 44 46
3 11 12 14 19 26 32 36
3 18 26 27 29 34 41 47
4 5 7 12 19 25 29 44
4 8 23 31 32 34 39 46
4 10 14 29 37 38 40 45
4 11 17 21 36 44 45 47
4 12 13 15 20 27 33 37
4 19 27 28 30 35 42 48
5 6 8 13 20 26 30 45
5 9 24 32 33 35 40 47
5 11 15 30 38 39 41 46
5 12 18 22 37 45 46 48
5 13 14 16 21 28 34 38
6 7 9 14 21 27 31 46
6 10 25 33 34 36 41 48
6 12 16 31 39 40 42 47
6 14 15 17 22 29 35 39
7 8 10 15 22 28 32 47
7 13 17 32 40 41 43 48
7 15 16 18 23 30 36 40
8 9 11 16 23 29 33 48
8 16 17 19 24 31 37 41
9 17 18 20 25 32 38 42
10 18 19 21 26 33 39 43
11 19 20 22 27 34 40 44
12 20 21 23 28 35 41 45
13 21 22 24 29 36 42 46
14 22 23 25 30 37 43 47
15 23 24 26 31 38 44 48
