1 3 22 25 27 34 35 45
1 4 6 13 14 24 28 30
1 5 7 26 29 31 38 39
1 8 9 19 23 25 44 47
1 11 15 17 36 39 41 48
1 20 23 25 32 33 43 47
2 3 13 17 19 38 41 43
2 4 11 12 22 26 28 47
2 4 23 26 28 35 36 46
2 5 7 14 15 25 29 31
2 6 8 27 30 32 39 40
2 9 10 20 24 26 45 48
2 21 24 26 33 34 44 48
3 4 14 18 20 39 42 44
3 5 12 13 23 27 29 48
3 5 24 27 29 36 37 47
3 6 8 15 16 26 30 32
3 7 9 28 31 33 40 41
4 5 15 19 21 40 43 45
4 6 25 28 30 37 38 48
4 7 9 16 17 27 31 33
4 8 10 29 32 34 41 42
5 6 16 20 22 41 44 46
5 8 10 17 18 28 32 34
5 9 11 30 33 35 42 43
6 7 17 21 23 42 45 47
6 9 11 18 19 29 33 35
6 10 12 31 34 36 43 44
7 8 18 22 24 43 46 48
7 10 12 19 20 30 34 36
7 11 13 32 35 37 44 45
8 11 13 20 21 31 35 37
8 12 14 33 36 38 45 46
9 12 14 21 22 32 36 38
9 13 15 34 37 39 46 47
10 13 15 22 23 33 37 39
10 14 16 35 38 40 47 48
11 14 16 23 24 34 38 40
12 15 17 24 25 35 39 41
13 16 18 25 26 36 40 42
14 17 19 26 27 37 41 43
15 18 20 27 28 38 42 44
16 19 21 28 29 39 43 45
17 20 22 29 30 40 44 46
18 21 23 30 31 41 45 47
19 22 24 31 32 42 46 48
