1 4 21 23 27 28 37 41
1 5 6 15 19 27 30 47
1 5 13 16 33 35 39 40
1 9 12 29 31 35 36 45
1 10 14 22 25 42 44 48
1 18 20 24 25 34 38 46
2 3 12 16 24 27 44 46
2 4 8 9 18 22 30 33
2 5 22 24 28 29 38 42
2 6 7 16 20 28 31 48
2 6 14 17 34 36 40 41
2 10 13 30 32 36 37 46
2 19 21 25 26 35 39 47
3 4 13 17 25 28 45 47
3 5 9 10 19 23 31 34
3 6 23 25 29 30 39 43
3 7 15 18 35 37 41 42
3 11 14 31 33 37 38 47
3 20 22 26 27 36 40 48
4 5 14 18 26 29 46 48
4 6 10 11 20 24 32 35
4 7 24 26 30 31 40 44
4 8 16 19 36 38 42 43
4 12 15 32 34 38 39 48
5 7 11 12 21 25 33 36
5 8 25 27 31 32 41 45
5 9 17 20 37 39 43 44
6 8 12 13 22 26 34 37
6 9 26 28 32 33 42 46
6 10 18 21 38 40 44 45
7 9 13 14 23 27 35 38
7 10 27 29 33 34 43 47
7 11 19 22 39 41 45 46
8 10 14 15 24 28 36 39
8 11 28 30 34 35 44 48
8 12 20 23 40 42 46 47
9 11 15 16 25 29 37 40
9 13 21 24 41 43 47 48
10 12 16 17 26 30 38 41
11 13 17 18 27 31 39 42
12 14 18 19 28 32 40 43
13 15 19 20 29 33 41 44
14 16 20 21 30 34 42 45
15 17 21 22 31 35 43 46
16 18 22 23 32 36 44 47
17 19 23 24 33 37 45 48
