1 2 22 23 35 39 41 46
1 4 5 25 26 38 42 44
1 5 7 12 15 16 36 37
1 6 9 10 30 31 43 47
1 13 17 19 24 27 28 48
1 21 22 34 38 40 45 48
2 3 15 19 21 26 29 30
2 3 23 24 36 40 42 47
2 4 9 12 13 33 34 46
2 5 6 26 27 39 43 45
2 6 8 13 16 17 37 38
2 7 10 11 31 32 44 48
3 4 16 20 22 27 30 31
3 4 24 25 37 41 43 48
3 5 10 13 14 34 35 47
3 6 7 27 28 40 44 46
3 7 9 14 17 18 38 39
4 5 17 21 23 28 31 32
4 6 11 14 15 35 36 48
4 7 8 28 29 41 45 47
4 8 10 15 18 19 39 40
5 6 18 22 24 29 32 33
5 8 9 29 30 42 46 48
5 9 11 16 19 20 40 41
6 7 19 23 25 30 33 34
6 10 12 17 20 21 41 42
7 8 20 24 26 31 34 35
7 11 13 18 21 22 42 43
8 9 21 25 27 32 35 36
8 12 14 19 22 23 43 44
9 10 22 26 28 33 36 37
9 13 15 20 23 24 44 45
10 11 23 27 29 34 37 38
10 14 16 21 24 25 45 46
11 12 24 28 30 35 38 39
11 15 17 22 25 26 46 47
12 13 25 29 31 36 39 40
12 16 18 23 26 27 47 48
13 14 26 30 32 37 40 41
14 15 27 31 33 38 41 42
15 16 28 32 34 39 42 43
16 17 29 33 35 40 43 44
17 18 30 34 36 41 44 45
18 19 31 35 37 42 45 46
19 20 32 36 38 43 46 47
20 21 33 37 39 44 47 48
