1 4 18 29 33 39 40 47
1 5 11 12 19 21 24 38
1 7 8 15 17 20 34 45
1 8 10 13 27 38 42 48
1 12 16 22 23 30 32 35
1 15 26 30 36 37 44 46
2 3 10 12 15 29 40 44
2 4 7 21 32 36 42 43
2 5 19 30 34 40 41 48
2 6 12 13 20 22 25 39
2 8 9 16 18 21 35 46
2 13 17 23 24 31 33 36
2 16 27 31 37 38 45 47
3 4 11 13 16 30 41 45
3 5 8 22 33 37 43 44
3 7 13 14 21 23 26 40
3 9 10 17 19 22 36 47
3 14 18 24 25 32 34 37
3 17 28 32 38 39 46 48
4 5 12 14 17 31 42 46
4 6 9 23 34 38 44 45
4 8 14 15 22 24 27 41
4 10 11 18 20 23 37 48
4 15 19 25 26 33 35 38
5 6 13 15 18 32 43 47
5 7 10 24 35 39 45 46
5 9 15 16 23 25 28 42
5 16 20 26 27 34 36 39
6 7 14 16 19 33 44 48
6 8 11 25 36 40 46 47
6 10 16 17 24 26 29 43
6 17 21 27 28 35 37 40
7 9 12 26 37 41 47 48
7 11 17 18 25 27 30 44
7 18 22 28 29 36 38 41
8 12 18 19 26 28 31 45
8 19 23 29 30 37 39 42
9 13 19 20 27 29 32 46
9 20 24 30 31 38 40 43
10 14 20 21 28 30 33 47
10 21 25 31 32 39 41 44
11 15 21 22 29 31 34 48
11 22 26 32 33 40 42 45
12 23 27 33 34 41 43 46
13 24 28 34 35 42 44 47
14 25 29 35 36 43 45 48
