1 3 16 19 23 27 28 33
1 5 6 11 27 29 42 45
1 5 9 10 15 31 33 46
1 6 22 24 37 40 44 48
1 14 17 21 25 26 31 47
1 17 19 32 35 39 43 44
2 3 8 24 26 39 42 46
2 4 17 20 24 28 29 34
2 5 9 13 14 19 35 37
2 6 7 12 28 30 43 46
2 6 10 11 16 32 34 47
2 15 18 22 26 27 32 48
2 18 20 33 36 40 44 45
3 4 9 25 27 40 43 47
3 5 18 21 25 29 30 35
3 6 10 14 15 20 36 38
3 7 8 13 29 31 44 47
3 7 11 12 17 33 35 48
3 19 21 34 37 41 45 46
4 5 10 26 28 41 44 48
4 6 19 22 26 30 31 36
4 7 11 15 16 21 37 39
4 8 9 14 30 32 45 48
4 20 22 35 38 42 46 47
5 7 20 23 27 31 32 37
5 8 12 16 17 22 38 40
5 21 23 36 39 43 47 48
6 8 21 24 28 32 33 38
6 9 13 17 18 23 39 41
7 9 22 25 29 33 34 39
7 10 14 18 19 24 40 42
8 10 23 26 30 34 35 40
8 11 15 19 20 25 41 43
9 11 24 27 31 35 36 41
9 12 16 20 21 26 42 44
10 12 25 28 32 36 37 42
10 13 17 21 22 27 43 45
11 13 26 29 33 37 38 43
11 14 18 22 23 28 44 46
12 14 27 30 34 38 39 44
12 15 19 23 24 29 45 47
13 15 28 31 35 39 40 45
13 16 20 24 25 30 46 48
14 16 29 32 36 40 41 46
15 17 30 33 37 41 42 47
16 18 31 34 38 42 43 48
