1 4 5 10 16 32 34 39
1 6 12 28 30 35 45 48
1 6 16 19 20 25 31 47
1 7 23 25 30 40 43 44
1 11 14 15 20 26 42 44
1 17 19 24 34 37 38 43
2 3 8 14 30 32 37 47
2 4 9 19 22 23 28 34
2 5 6 11 17 33 35 40
2 7 17 20 21 26 32 48
2 8 24 26 31 41 44 45
2 12 15 16 21 27 43 45
2 18 20 25 35 38 39 44
3 4 9 15 31 33 38 48
3 5 10 20 23 24 29 35
3 6 7 12 18 34 36 41
3 9 25 27 32 42 45 46
3 13 16 17 22 28 44 46
3 19 21 26 36 39 40 45
4 6 11 21 24 25 30 36
4 7 8 13 19 35 37 42
4 10 26 28 33 43 46 47
4 14 17 18 23 29 45 47
4 20 22 27 37 40 41 46
5 7 12 22 25 26 31 37
5 8 9 14 20 36 38 43
5 11 27 29 34 44 47 48
5 15 18 19 24 30 46 48
5 21 23 28 38 41 42 47
6 8 13 23 26 27 32 38
6 9 10 15 21 37 39 44
6 22 24 29 39 42 43 48
7 9 14 24 27 28 33 39
7 10 11 16 22 38 40 45
8 10 15 25 28 29 34 40
8 11 12 17 23 39 41 46
9 11 16 26 29 30 35 41
9 12 13 18 24 40 42 47
10 12 17 27 30 31 36 42
10 13 14 19 25 41 43 48
11 13 18 28 31 32 37 43
12 14 19 29 32 33 38 44
13 15 20 30 33 34 39 45
14 16 21 31 34 35 40 46
15 17 22 32 35 36 41 47
16 18 23 33 36 37 42 48
