1 5 19 25 30 31 33 40
1 6 7 9 16 25 29 43
1 7 12 13 15 22 31 35
1 8 17 21 35 41 46 47
1 10 14 28 34 39 40 42
1 15 21 26 27 29 36 45
2 3 5 12 21 25 39 45
2 6 20 26 31 32 34 41
2 7 8 10 17 26 30 44
2 8 13 14 16 23 32 36
2 9 18 22 36 42 47 48
2 11 15 29 35 40 41 43
2 16 22 27 28 30 37 46
3 4 6 13 22 26 40 46
3 7 21 27 32 33 35 42
3 8 9 11 18 27 31 45
3 9 14 15 17 24 33 37
3 12 16 30 36 41 42 44
3 17 23 28 29 31 38 47
4 5 7 14 23 27 41 47
4 8 22 28 33 34 36 43
4 9 10 12 19 28 32 46
4 10 15 16 18 25 34 38
4 13 17 31 37 42 43 45
4 18 24 29 30 32 39 48
5 6 8 15 24 28 42 48
5 9 23 29 34 35 37 44
5 10 11 13 20 29 33 47
5 11 16 17 19 26 35 39
5 14 18 32 38 43 44 46
6 10 24 30 35 36 38 45
6 11 12 14 21 30 34 48
6 12 17 18 20 27 36 40
6 15 19 33 39 44 45 47
7 11 25 31 36 37 39 46
7 13 18 19 21 28 37 41
7 16 20 34 40 45 46 48
8 12 26 32 37 38 40 47
8 14 19 20 22 29 38 42
9 13 27 33 38 39 41 48
9 15 20 21 23 30 39 43
10 16 21 22 24 31 40 44
11 17 22 23 25 32 41 45
12 18 23 24 26 33 42 46
13 19 24 25 27 34 43 47
14 20 25 26 28 35 44 48
