1 2 26 27 32 34 37 46
1 4 5 29 30 35 37 40
1 4 13 16 17 41 42 47
1 6 8 11 20 23 24 48
1 10 13 14 38 39 44 46
1 25 26 31 33 36 45 48
2 3 8 10 13 22 25 26
2 3 27 28 33 35 38 47
2 4 7 16 19 20 44 45
2 5 6 30 31 36 38 41
2 5 14 17 18 42 43 48
2 11 14 15 39 40 45 47
3 4 9 11 14 23 26 27
3 4 28 29 34 36 39 48
3 5 8 17 20 21 45 46
3 6 7 31 32 37 39 42
3 12 15 16 40 41 46 48
4 5 10 12 15 24 27 28
4 6 9 18 21 22 46 47
4 7 8 32 33 38 40 43
5 6 11 13 16 25 28 29
5 7 10 19 22 23 47 48
5 8 9 33 34 39 41 44
6 7 12 14 17 26 29 30
6 9 10 34 35 40 42 45
7 8 13 15 18 27 30 31
7 10 11 35 36 41 43 46
8 9 14 16 19 28 31 32
8 11 12 36 37 42 44 47
9 10 15 17 20 29 32 33
9 12 13 37 38 43 45 48
10 11 16 18 21 30 33 34
11 12 17 19 22 31 34 35
12 13 18 20 23 32 35 36
13 14 19 21 24 33 36 37
14 15 20 22 25 34 37 38
15 16 21 23 26 35 38 39
16 17 22 24 27 36 39 40
17 18 23 25 28 37 40 41
18 19 24 26 29 38 41 42
19 20 25 27 30 39 42 43
20 21 26 28 31 40 43 44
21 22 27 29 32 41 44 45
22 23 28 30 33 42 45 46
23 24 29 31 34 43 46 47
24 25 30 32 35 44 47 48
