1 3 12 13 17 36 40 43
1 5 8 14 16 25 26 30
1 5 24 28 31 37 39 48
1 7 9 18 19 23 42 46
1 10 11 15 34 38 41 47
1 20 24 27 33 35 44 45
2 3 7 26 30 33 39 41
2 4 13 14 18 37 41 44
2 5 11 13 22 23 27 46
2 6 9 15 17 26 27 31
2 8 10 19 20 24 43 47
2 11 12 16 35 39 42 48
2 21 25 28 34 36 45 46
3 4 8 27 31 34 40 42
3 5 14 15 19 38 42 45
3 6 12 14 23 24 28 47
3 7 10 16 18 27 28 32
3 9 11 20 21 25 44 48
3 22 26 29 35 37 46 47
4 5 9 28 32 35 41 43
4 6 15 16 20 39 43 46
4 7 13 15 24 25 29 48
4 8 11 17 19 28 29 33
4 23 27 30 36 38 47 48
5 6 10 29 33 36 42 44
5 7 16 17 21 40 44 47
5 9 12 18 20 29 30 34
6 7 11 30 34 37 43 45
6 8 17 18 22 41 45 48
6 10 13 19 21 30 31 35
7 8 12 31 35 38 44 46
7 11 14 20 22 31 32 36
8 9 13 32 36 39 45 47
8 12 15 21 23 32 33 37
9 10 14 33 37 40 46 48
9 13 16 22 24 33 34 38
10 14 17 23 25 34 35 39
11 15 18 24 26 35 36 40
12 16 19 25 27 36 37 41
13 17 20 26 28 37 38 42
14 18 21 27 29 38 39 43
15 19 22 28 30 39 40 44
16 20 23 29 31 40 41 45
17 21 24 30 32 41 42 46
18 22 25 31 33 42 43 47
19 23 26 32 34 43 44 48
