1 2 13 23 29 42 46 47
1 3 4 15 25 31 44 48
1 5 6 8 9 20 30 36
1 11 17 30 34 35 37 38
1 12 22 28 41 45 46 48
1 14 18 19 21 22 33 43
2 3 5 6 17 27 33 46
2 3 14 24 30 43 47 48
2 6 7 9 10 21 31 37
2 8 21 25 26 28 29 40
2 12 18 31 35 36 38 39
2 15 19 20 22 23 34 44
3 4 6 7 18 28 34 47
3 7 8 10 11 22 32 38
3 9 22 26 27 29 30 41
3 13 19 32 36 37 39 40
3 16 20 21 23 24 35 45
4 5 7 8 19 29 35 48
4 8 9 11 12 23 33 39
4 10 23 27 28 30 31 42
4 14 20 33 37 38 40 41
4 17 21 22 24 25 36 46
5 9 10 12 13 24 34 40
5 11 24 28 29 31 32 43
5 15 21 34 38 39 41 42
5 18 22 23 25 26 37 47
6 10 11 13 14 25 35 41
6 12 25 29 30 32 33 44
6 16 22 35 39 40 42 43
6 19 23 24 26 27 38 48
7 11 12 14 15 26 36 42
7 13 26 30 31 33 34 45
7 17 23 36 40 41 43 44
8 12 13 15 16 27 37 43
8 14 27 31 32 34 35 46
8 18 24 37 41 42 44 45
9 13 14 16 17 28 38 44
9 15 28 32 33 35 36 47
9 19 25 38 42 43 45 46
10 14 15 17 18 29 39 45
10 16 29 33 34 36 37 48
10 20 26 39 43 44 46 47
11 15 16 18 19 30 40 46
11 21 27 40 44 45 47 48
12 16 17 19 20 31 41 47
13 17 18 20 21 32 42 48
