1 2 15 18 31 39 43 48
1 5 10 11 12 25 28 41
1 6 7 8 21 24 37 45
1 9 13 18 19 20 33 36
1 14 17 30 38 42 47 48
1 14 22 26 31 32 33 46
2 3 4 17 20 33 41 45
2 5 18 26 30 35 36 37
2 6 11 12 13 26 29 42
2 7 8 9 22 25 38 46
2 10 14 19 20 21 34 37
2 15 23 27 32 33 34 47
3 4 5 18 21 34 42 46
3 6 19 27 31 36 37 38
3 7 12 13 14 27 30 43
3 8 9 10 23 26 39 47
3 11 15 20 21 22 35 38
3 16 24 28 33 34 35 48
4 5 6 19 22 35 43 47
4 7 20 28 32 37 38 39
4 8 13 14 15 28 31 44
4 9 10 11 24 27 40 48
4 12 16 21 22 23 36 39
5 6 7 20 23 36 44 48
5 8 21 29 33 38 39 40
5 9 14 15 16 29 32 45
5 13 17 22 23 24 37 40
6 9 22 30 34 39 40 41
6 10 15 16 17 30 33 46
6 14 18 23 24 25 38 41
7 10 23 31 35 40 41 42
7 11 16 17 18 31 34 47
7 15 19 24 25 26 39 42
8 11 24 32 36 41 42 43
8 12 17 18 19 32 35 48
8 16 20 25 26 27 40 43
9 12 25 33 37 42 43 44
9 17 21 26 27 28 41 44
10 13 26 34 38 43 44 45
10 18 22 27 28 29 42 45
11 14 27 35 39 44 45 46
11 19 23 28 29 30 43 46
12 15 28 36 40 45 46 47
12 20 24 29 30 31 44 47
13 16 29 37 41 46 47 48
13 21 25 30 31 32 45 48
