1 2 7 27 31 34 39 48
1 5 8 13 22 23 24 29
1 6 15 16 17 22 42 46
1 6 26 30 33 38 47 48
1 10 11 12 17 37 41 44
1 21 25 28 33 42 43 44
2 3 4 9 29 33 36 41
2 5 10 19 20 21 26 46
2 6 9 14 23 24 25 30
2 7 16 17 18 23 43 47
2 11 12 13 18 38 42 45
2 22 26 29 34 43 44 45
3 4 5 10 30 34 37 42
3 6 11 20 21 22 27 47
3 7 10 15 24 25 26 31
3 8 17 18 19 24 44 48
3 12 13 14 19 39 43 46
3 23 27 30 35 44 45 46
4 5 6 11 31 35 38 43
4 7 12 21 22 23 28 48
4 8 11 16 25 26 27 32
4 13 14 15 20 40 44 47
4 24 28 31 36 45 46 47
5 6 7 12 32 36 39 44
5 9 12 17 26 27 28 33
5 14 15 16 21 41 45 48
5 25 29 32 37 46 47 48
6 7 8 13 33 37 40 45
6 10 13 18 27 28 29 34
7 8 9 14 34 38 41 46
7 11 14 19 28 29 30 35
8 9 10 15 35 39 42 47
8 12 15 20 29 30 31 36
9 10 11 16 36 40 43 48
9 13 16 21 30 31 32 37
10 14 17 22 31 32 33 38
11 15 18 23 32 33 34 39
12 16 19 24 33 34 35 40
13 17 20 25 34 35 36 41
14 18 21 26 35 36 37 42
15 19 22 27 36 37 38 43
16 20 23 28 37 38 39 44
17 21 24 29 38 39 40 45
18 22 25 30 39 40 41 46
19 23 26 31 40 41 42 47
20 24 27 32 41 42 43 48
