1 3 15 25 30 31 34 38
1 5 16 18 30 40 45 46
1 6 7 10 14 25 27 39
1 11 16 17 20 24 35 37
1 12 14 26 36 41 42 45
1 13 23 28 29 32 36 47
2 3 6 10 21 23 35 45
2 4 16 26 31 32 35 39
2 6 17 19 31 41 46 47
2 7 8 11 15 26 28 40
2 12 17 18 21 25 36 38
2 13 15 27 37 42 43 46
2 14 24 29 30 33 37 48
3 4 7 11 22 24 36 46
3 5 17 27 32 33 36 40
3 7 18 20 32 42 47 48
3 8 9 12 16 27 29 41
3 13 18 19 22 26 37 39
3 14 16 28 38 43 44 47
4 5 8 12 23 25 37 47
4 6 18 28 33 34 37 41
4 9 10 13 17 28 30 42
4 14 19 20 23 27 38 40
4 15 17 29 39 44 45 48
5 6 9 13 24 26 38 48
5 7 19 29 34 35 38 42
5 10 11 14 18 29 31 43
5 15 20 21 24 28 39 41
6 8 20 30 35 36 39 43
6 11 12 15 19 30 32 44
6 16 21 22 25 29 40 42
7 9 21 31 36 37 40 44
7 12 13 16 20 31 33 45
7 17 22 23 26 30 41 43
8 10 22 32 37 38 41 45
8 13 14 17 21 32 34 46
8 18 23 24 27 31 42 44
9 11 23 33 38 39 42 46
9 14 15 18 22 33 35 47
9 19 24 25 28 32 43 45
10 12 24 34 39 40 43 47
10 15 16 19 23 34 36 48
10 20 25 26 29 33 44 46
11 13 25 35 40 41 44 48
11 21 26 27 30 34 45 47
12 22 27 28 31 35 46 48
