1 4 10 25 26 38 42 44
1 5 7 12 15 21 36 37
1 6 9 15 30 31 43 47
1 7 22 23 35 39 41 46
1 13 17 19 24 27 33 48
1 16 17 29 33 35 40 43
2 3 15 19 21 26 29 35
2 4 9 12 18 33 34 46
2 5 11 26 27 39 43 45
2 6 8 13 16 22 37 38
2 7 10 16 31 32 44 48
2 8 23 24 36 40 42 47
2 17 18 30 34 36 41 44
3 4 16 20 22 27 30 36
3 5 10 13 19 34 35 47
3 6 12 27 28 40 44 46
3 7 9 14 17 23 38 39
3 9 24 25 37 41 43 48
3 18 19 31 35 37 42 45
4 5 17 21 23 28 31 37
4 6 11 14 20 35 36 48
4 7 13 28 29 41 45 47
4 8 10 15 18 24 39 40
4 19 20 32 36 38 43 46
5 6 18 22 24 29 32 38
5 8 14 29 30 42 46 48
5 9 11 16 19 25 40 41
5 20 21 33 37 39 44 47
6 7 19 23 25 30 33 39
6 10 12 17 20 26 41 42
6 21 22 34 38 40 45 48
7 8 20 24 26 31 34 40
7 11 13 18 21 27 42 43
8 9 21 25 27 32 35 41
8 12 14 19 22 28 43 44
9 10 22 26 28 33 36 42
9 13 15 20 23 29 44 45
10 11 23 27 29 34 37 43
10 14 16 21 24 30 45 46
11 12 24 28 30 35 38 44
11 15 17 22 25 31 46 47
12 13 25 29 31 36 39 45
12 16 18 23 26 32 47 48
13 14 26 30 32 37 40 46
14 15 27 31 33 38 41 47
15 16 28 32 34 39 42 48
