1 3 4 13 15 23 28 45
1 3 11 16 33 37 39 40
1 6 23 27 29 30 39 41
1 9 14 31 35 37 38 47
1 10 12 20 25 42 46 48
1 18 22 24 25 34 36 44
2 3 12 14 22 27 44 48
2 4 5 14 16 24 29 46
2 4 12 17 34 38 40 41
2 6 8 9 18 20 28 33
2 7 24 28 30 31 40 42
2 10 15 32 36 38 39 48
2 19 23 25 26 35 37 45
3 5 6 15 17 25 30 47
3 5 13 18 35 39 41 42
3 7 9 10 19 21 29 34
3 8 25 29 31 32 41 43
3 20 24 26 27 36 38 46
4 6 7 16 18 26 31 48
4 6 14 19 36 40 42 43
4 8 10 11 20 22 30 35
4 9 26 30 32 33 42 44
4 21 25 27 28 37 39 47
5 7 15 20 37 41 43 44
5 9 11 12 21 23 31 36
5 10 27 31 33 34 43 45
5 22 26 28 29 38 40 48
6 8 16 21 38 42 44 45
6 10 12 13 22 24 32 37
6 11 28 32 34 35 44 46
7 9 17 22 39 43 45 46
7 11 13 14 23 25 33 38
7 12 29 33 35 36 45 47
8 10 18 23 40 44 46 47
8 12 14 15 24 26 34 39
8 13 30 34 36 37 46 48
9 11 19 24 41 45 47 48
9 13 15 16 25 27 35 40
10 14 16 17 26 28 36 41
11 15 17 18 27 29 37 42
12 16 18 19 28 30 38 43
13 17 19 20 29 31 39 44
14 18 20 21 30 32 40 45
15 19 21 22 31 33 41 46
16 20 22 23 32 34 42 47
17 21 23 24 33 35 43 48
