1 3 6 9 27 37 38 42
1 4 22 32 33 37 44 46
1 5 12 14 17 20 38 48
1 8 10 13 16 34 44 45
1 11 12 16 23 25 28 31
1 19 29 30 34 41 43 46
2 3 7 14 16 19 22 40
2 4 7 10 28 38 39 43
2 5 8 26 36 37 41 48
2 5 23 33 34 38 45 47
2 9 11 14 17 35 45 46
2 12 13 17 24 26 29 32
2 20 30 31 35 42 44 47
3 4 8 15 17 20 23 41
3 5 8 11 29 39 40 44
3 6 24 34 35 39 46 48
3 10 12 15 18 36 46 47
3 13 14 18 25 27 30 33
3 21 31 32 36 43 45 48
4 5 9 16 18 21 24 42
4 6 9 12 30 40 41 45
4 11 13 16 19 37 47 48
4 14 15 19 26 28 31 34
5 6 10 17 19 22 25 43
5 7 10 13 31 41 42 46
5 15 16 20 27 29 32 35
6 7 11 18 20 23 26 44
6 8 11 14 32 42 43 47
6 16 17 21 28 30 33 36
7 8 12 19 21 24 27 45
7 9 12 15 33 43 44 48
7 17 18 22 29 31 34 37
8 9 13 20 22 25 28 46
8 18 19 23 30 32 35 38
9 10 14 21 23 26 29 47
9 19 20 24 31 33 36 39
10 11 15 22 24 27 30 48
10 20 21 25 32 34 37 40
11 21 22 26 33 35 38 41
12 22 23 27 34 36 39 42
13 23 24 28 35 37 40 43
14 24 25 29 36 38 41 44
15 25 26 30 37 39 42 45
16 26 27 31 38 40 43 46
17 27 28 32 39 41 44 47
18 28 29 33 40 42 45 48
