1 3 5 25 32 35 40 41
1 4 9 10 18 20 22 42
1 6 7 15 17 19 39 46
1 8 11 16 17 25 27 29
1 9 11 13 33 40 43 48
1 21 28 31 36 37 45 47
2 3 11 13 15 35 42 45
2 4 6 26 33 36 41 42
2 4 24 31 34 39 40 48
2 5 10 11 19 21 23 43
2 7 8 16 18 20 40 47
2 9 12 17 18 26 28 30
2 22 29 32 37 38 46 48
3 4 12 14 16 36 43 46
3 5 7 27 34 37 42 43
3 6 11 12 20 22 24 44
3 8 9 17 19 21 41 48
3 10 13 18 19 27 29 31
4 5 13 15 17 37 44 47
4 6 8 28 35 38 43 44
4 7 12 13 21 23 25 45
4 11 14 19 20 28 30 32
5 6 14 16 18 38 45 48
5 7 9 29 36 39 44 45
5 8 13 14 22 24 26 46
5 12 15 20 21 29 31 33
6 8 10 30 37 40 45 46
6 9 14 15 23 25 27 47
6 13 16 21 22 30 32 34
7 9 11 31 38 41 46 47
7 10 15 16 24 26 28 48
7 14 17 22 23 31 33 35
8 10 12 32 39 42 47 48
8 15 18 23 24 32 34 36
9 16 19 24 25 33 35 37
10 17 20 25 26 34 36 38
11 18 21 26 27 35 37 39
12 19 22 27 28 36 38 40
13 20 23 28 29 37 39 41
14 21 24 29 30 38 40 42
15 22 25 30 31 39 41 43
16 23 26 31 32 40 42 44
17 24 27 32 33 41 43 45
18 25 28 33 34 42 44 46
19 26 29 34 35 43 45 47
20 27 30 35 36 44 46 48
