1 3 9 16 21 30 46 47
1 6 15 31 32 34 36 42
1 7 14 19 28 44 45 47
1 8 13 22 38 39 41 43
1 10 26 27 29 31 37 44
1 17 18 20 22 28 35 40
2 3 5 7 13 20 25 34
2 4 10 17 22 31 47 48
2 7 16 32 33 35 37 43
2 8 15 20 29 45 46 48
2 9 14 23 39 40 42 44
2 11 27 28 30 32 38 45
2 18 19 21 23 29 36 41
3 4 6 8 14 21 26 35
3 8 17 33 34 36 38 44
3 10 15 24 40 41 43 45
3 12 28 29 31 33 39 46
3 19 20 22 24 30 37 42
4 5 7 9 15 22 27 36
4 9 18 34 35 37 39 45
4 11 16 25 41 42 44 46
4 13 29 30 32 34 40 47
4 20 21 23 25 31 38 43
5 6 8 10 16 23 28 37
5 10 19 35 36 38 40 46
5 12 17 26 42 43 45 47
5 14 30 31 33 35 41 48
5 21 22 24 26 32 39 44
6 7 9 11 17 24 29 38
6 11 20 36 37 39 41 47
6 13 18 27 43 44 46 48
6 22 23 25 27 33 40 45
7 8 10 12 18 25 30 39
7 12 21 37 38 40 42 48
7 23 24 26 28 34 41 46
8 9 11 13 19 26 31 40
8 24 25 27 29 35 42 47
9 10 12 14 20 27 32 41
9 25 26 28 30 36 43 48
10 11 13 15 21 28 33 42
11 12 14 16 22 29 34 43
12 13 15 17 23 30 35 44
13 14 16 18 24 31 36 45
14 15 17 19 25 32 37 46
15 16 18 20 26 33 38 47
16 17 19 21 27 34 39 48
