1 4 9 13 15 20 39 40
1 5 7 12 31 32 41 44
1 6 10 12 17 36 37 46
1 6 25 26 35 38 43 47
1 10 13 18 22 24 29 48
1 20 21 30 33 38 42 44
2 3 12 15 20 24 26 31
2 4 9 28 29 38 41 46
2 5 10 14 16 21 40 41
2 6 8 13 32 33 42 45
2 7 11 13 18 37 38 47
2 7 26 27 36 39 44 48
2 21 22 31 34 39 43 45
3 4 13 16 21 25 27 32
3 5 10 29 30 39 42 47
3 6 11 15 17 22 41 42
3 7 9 14 33 34 43 46
3 8 12 14 19 38 39 48
3 22 23 32 35 40 44 46
4 5 14 17 22 26 28 33
4 6 11 30 31 40 43 48
4 7 12 16 18 23 42 43
4 8 10 15 34 35 44 47
4 23 24 33 36 41 45 47
5 6 15 18 23 27 29 34
5 8 13 17 19 24 43 44
5 9 11 16 35 36 45 48
5 24 25 34 37 42 46 48
6 7 16 19 24 28 30 35
6 9 14 18 20 25 44 45
7 8 17 20 25 29 31 36
7 10 15 19 21 26 45 46
8 9 18 21 26 30 32 37
8 11 16 20 22 27 46 47
9 10 19 22 27 31 33 38
9 12 17 21 23 28 47 48
10 11 20 23 28 32 34 39
11 12 21 24 29 33 35 40
12 13 22 25 30 34 36 41
13 14 23 26 31 35 37 42
14 15 24 27 32 36 38 43
15 16 25 28 33 37 39 44
16 17 26 29 34 38 40 45
17 18 27 30 35 39 41 46
18 19 28 31 36 40 42 47
19 20 29 32 37 41 43 48
