1 4 9 14 34 38 40 41
1 5 7 8 16 19 24 29
1 6 11 31 35 37 38 46
1 6 26 30 32 33 41 44
1 9 12 17 22 42 46 48
1 21 25 27 28 36 39 44
2 3 11 14 19 24 44 48
2 4 5 13 16 21 26 46
2 5 10 15 35 39 41 42
2 6 8 9 17 20 25 30
2 7 12 32 36 38 39 47
2 7 27 31 33 34 42 45
2 22 26 28 29 37 40 45
3 5 6 14 17 22 27 47
3 6 11 16 36 40 42 43
3 7 9 10 18 21 26 31
3 8 13 33 37 39 40 48
3 8 28 32 34 35 43 46
3 23 27 29 30 38 41 46
4 6 7 15 18 23 28 48
4 7 12 17 37 41 43 44
4 8 10 11 19 22 27 32
4 9 29 33 35 36 44 47
4 24 28 30 31 39 42 47
5 8 13 18 38 42 44 45
5 9 11 12 20 23 28 33
5 10 30 34 36 37 45 48
5 25 29 31 32 40 43 48
6 9 14 19 39 43 45 46
6 10 12 13 21 24 29 34
7 10 15 20 40 44 46 47
7 11 13 14 22 25 30 35
8 11 16 21 41 45 47 48
8 12 14 15 23 26 31 36
9 13 15 16 24 27 32 37
10 14 16 17 25 28 33 38
11 15 17 18 26 29 34 39
12 16 18 19 27 30 35 40
13 17 19 20 28 31 36 41
14 18 20 21 29 32 37 42
15 19 21 22 30 33 38 43
16 20 22 23 31 34 39 44
17 21 23 24 32 35 40 45
18 22 24 25 33 36 41 46
19 23 25 26 34 37 42 47
20 24 26 27 35 38 43 48
