1 2 5 12 25 34 42 48
1 7 8 9 12 19 32 41
1 8 21 30 38 44 45 46
1 9 15 16 17 20 27 40
1 10 18 24 25 26 29 36
1 14 23 31 37 38 39 42
2 3 4 7 14 27 36 44
2 8 9 10 13 20 33 42
2 9 22 31 39 45 46 47
2 10 16 17 18 21 28 41
2 11 19 25 26 27 30 37
2 15 24 32 38 39 40 43
3 4 5 8 15 28 37 45
3 9 10 11 14 21 34 43
3 10 23 32 40 46 47 48
3 11 17 18 19 22 29 42
3 12 20 26 27 28 31 38
3 16 25 33 39 40 41 44
4 5 6 9 16 29 38 46
4 10 11 12 15 22 35 44
4 12 18 19 20 23 30 43
4 13 21 27 28 29 32 39
4 17 26 34 40 41 42 45
5 6 7 10 17 30 39 47
5 11 12 13 16 23 36 45
5 13 19 20 21 24 31 44
5 14 22 28 29 30 33 40
5 18 27 35 41 42 43 46
6 7 8 11 18 31 40 48
6 12 13 14 17 24 37 46
6 14 20 21 22 25 32 45
6 15 23 29 30 31 34 41
6 19 28 36 42 43 44 47
7 13 14 15 18 25 38 47
7 15 21 22 23 26 33 46
7 16 24 30 31 32 35 42
7 20 29 37 43 44 45 48
8 14 15 16 19 26 39 48
8 16 22 23 24 27 34 47
8 17 25 31 32 33 36 43
9 17 23 24 25 28 35 48
9 18 26 32 33 34 37 44
10 19 27 33 34 35 38 45
11 20 28 34 35 36 39 46
12 21 29 35 36 37 40 47
13 22 30 36 37 38 41 48
