1 5 10 21 27 34 35 37
1 6 17 23 30 31 33 45
1 7 14 15 17 29 33 38
1 8 9 11 23 27 32 43
1 12 18 25 26 28 40 44
1 13 17 22 33 39 46 47
2 3 5 17 21 26 37 43
2 6 11 22 28 35 36 38
2 7 18 24 31 32 34 46
2 8 15 16 18 30 34 39
2 9 10 12 24 28 33 44
2 13 19 26 27 29 41 45
2 14 18 23 34 40 47 48
3 4 6 18 22 27 38 44
3 7 12 23 29 36 37 39
3 8 19 25 32 33 35 47
3 9 16 17 19 31 35 40
3 10 11 13 25 29 34 45
3 14 20 27 28 30 42 46
4 5 7 19 23 28 39 45
4 8 13 24 30 37 38 40
4 9 20 26 33 34 36 48
4 10 17 18 20 32 36 41
4 11 12 14 26 30 35 46
4 15 21 28 29 31 43 47
5 6 8 20 24 29 40 46
5 9 14 25 31 38 39 41
5 11 18 19 21 33 37 42
5 12 13 15 27 31 36 47
5 16 22 29 30 32 44 48
6 7 9 21 25 30 41 47
6 10 15 26 32 39 40 42
6 12 19 20 22 34 38 43
6 13 14 16 28 32 37 48
7 8 10 22 26 31 42 48
7 11 16 27 33 40 41 43
7 13 20 21 23 35 39 44
8 12 17 28 34 41 42 44
8 14 21 22 24 36 40 45
9 13 18 29 35 42 43 45
9 15 22 23 25 37 41 46
10 14 19 30 36 43 44 46
10 16 23 24 26 38 42 47
11 15 20 31 37 44 45 47
11 17 24 25 27 39 43 48
12 16 21 32 38 45 46 48
