1 2 9 10 14 27 33 47
1 5 18 24 38 40 41 48
1 7 21 23 24 31 32 36
1 8 9 13 26 32 46 48
1 14 20 34 36 37 44 45
1 15 17 18 25 26 30 43
2 3 7 20 26 40 42 43
2 3 10 11 15 28 34 48
2 4 5 12 13 17 30 36
2 8 22 24 25 32 33 37
2 15 21 35 37 38 45 46
2 16 18 19 26 27 31 44
3 4 8 21 27 41 43 44
3 5 6 13 14 18 31 37
3 9 23 25 26 33 34 38
3 16 22 36 38 39 46 47
3 17 19 20 27 28 32 45
4 5 9 22 28 42 44 45
4 6 7 14 15 19 32 38
4 10 24 26 27 34 35 39
4 17 23 37 39 40 47 48
4 18 20 21 28 29 33 46
5 6 10 23 29 43 45 46
5 7 8 15 16 20 33 39
5 11 25 27 28 35 36 40
5 19 21 22 29 30 34 47
6 7 11 24 30 44 46 47
6 8 9 16 17 21 34 40
6 12 26 28 29 36 37 41
6 20 22 23 30 31 35 48
7 8 12 25 31 45 47 48
7 9 10 17 18 22 35 41
7 13 27 29 30 37 38 42
8 10 11 18 19 23 36 42
8 14 28 30 31 38 39 43
9 11 12 19 20 24 37 43
9 15 29 31 32 39 40 44
10 12 13 20 21 25 38 44
10 16 30 32 33 40 41 45
11 13 14 21 22 26 39 45
11 17 31 33 34 41 42 46
12 14 15 22 23 27 40 46
12 18 32 34 35 42 43 47
13 15 16 23 24 28 41 47
13 19 33 35 36 43 44 48
14 16 17 24 25 29 42 48
