1 5 13 18 19 21 28 42
1 6 7 9 16 30 37 41
1 8 12 20 25 26 28 35
1 8 22 29 33 41 46 47
1 9 14 15 17 24 38 45
1 15 22 26 34 39 40 42
2 3 5 12 26 33 37 45
2 6 14 19 20 22 29 43
2 7 8 10 17 31 38 42
2 9 13 21 26 27 29 36
2 9 23 30 34 42 47 48
2 10 15 16 18 25 39 46
2 16 23 27 35 40 41 43
3 4 6 13 27 34 38 46
3 7 15 20 21 23 30 44
3 8 9 11 18 32 39 43
3 10 14 22 27 28 30 37
3 11 16 17 19 26 40 47
3 17 24 28 36 41 42 44
4 5 7 14 28 35 39 47
4 8 16 21 22 24 31 45
4 9 10 12 19 33 40 44
4 11 15 23 28 29 31 38
4 12 17 18 20 27 41 48
4 18 25 29 37 42 43 45
5 6 8 15 29 36 40 48
5 9 17 22 23 25 32 46
5 10 11 13 20 34 41 45
5 12 16 24 29 30 32 39
5 19 26 30 38 43 44 46
6 10 18 23 24 26 33 47
6 11 12 14 21 35 42 46
6 13 17 25 30 31 33 40
6 20 27 31 39 44 45 47
7 11 19 24 25 27 34 48
7 12 13 15 22 36 43 47
7 14 18 26 31 32 34 41
7 21 28 32 40 45 46 48
8 13 14 16 23 37 44 48
8 15 19 27 32 33 35 42
9 16 20 28 33 34 36 43
10 17 21 29 34 35 37 44
11 18 22 30 35 36 38 45
12 19 23 31 36 37 39 46
13 20 24 32 37 38 40 47
14 21 25 33 38 39 41 48
