1 2 7 9 25 34 35 38
1 4 15 16 21 23 39 48
1 6 8 24 33 34 37 48
1 10 11 14 25 26 31 33
1 12 13 18 20 36 45 46
1 17 26 27 30 41 42 47
2 3 6 17 18 23 25 41
2 3 8 10 26 35 36 39
2 4 20 29 30 33 44 45
2 11 12 15 26 27 32 34
2 13 14 19 21 37 46 47
2 18 27 28 31 42 43 48
3 4 7 18 19 24 26 42
3 4 9 11 27 36 37 40
3 5 21 30 31 34 45 46
3 12 13 16 27 28 33 35
3 14 15 20 22 38 47 48
4 5 8 19 20 25 27 43
4 5 10 12 28 37 38 41
4 6 22 31 32 35 46 47
4 13 14 17 28 29 34 36
5 6 9 20 21 26 28 44
5 6 11 13 29 38 39 42
5 7 23 32 33 36 47 48
5 14 15 18 29 30 35 37
6 7 10 21 22 27 29 45
6 7 12 14 30 39 40 43
6 15 16 19 30 31 36 38
7 8 11 22 23 28 30 46
7 8 13 15 31 40 41 44
7 16 17 20 31 32 37 39
8 9 12 23 24 29 31 47
8 9 14 16 32 41 42 45
8 17 18 21 32 33 38 40
9 10 13 24 25 30 32 48
9 10 15 17 33 42 43 46
9 18 19 22 33 34 39 41
10 11 16 18 34 43 44 47
10 19 20 23 34 35 40 42
11 12 17 19 35 44 45 48
11 20 21 24 35 36 41 43
12 21 22 25 36 37 42 44
13 22 23 26 37 38 43 45
14 23 24 27 38 39 44 46
15 24 25 28 39 40 45 47
16 25 26 29 40 41 46 48
