1 4 5 15 19 23 40 47
1 5 9 26 33 35 38 39
1 5 22 29 31 34 35 45
1 8 10 13 14 24 28 32
1 11 15 19 36 43 45 48
1 18 25 27 30 31 41 45
2 3 13 17 21 38 45 47
2 4 7 8 18 22 26 43
2 5 6 16 20 24 41 48
2 6 10 27 34 36 39 40
2 6 23 30 32 35 36 46
2 9 11 14 15 25 29 33
2 19 26 28 31 32 42 46
3 4 14 18 22 39 46 48
3 5 8 9 19 23 27 44
3 7 11 28 35 37 40 41
3 7 24 31 33 36 37 47
3 10 12 15 16 26 30 34
3 20 27 29 32 33 43 47
4 6 9 10 20 24 28 45
4 8 12 29 36 38 41 42
4 8 25 32 34 37 38 48
4 11 13 16 17 27 31 35
4 21 28 30 33 34 44 48
5 7 10 11 21 25 29 46
5 9 13 30 37 39 42 43
5 12 14 17 18 28 32 36
6 8 11 12 22 26 30 47
6 10 14 31 38 40 43 44
6 13 15 18 19 29 33 37
7 9 12 13 23 27 31 48
7 11 15 32 39 41 44 45
7 14 16 19 20 30 34 38
8 12 16 33 40 42 45 46
8 15 17 20 21 31 35 39
9 13 17 34 41 43 46 47
9 16 18 21 22 32 36 40
10 14 18 35 42 44 47 48
10 17 19 22 23 33 37 41
11 18 20 23 24 34 38 42
12 19 21 24 25 35 39 43
13 20 22 25 26 36 40 44
14 21 23 26 27 37 41 45
15 22 24 27 28 38 42 46
16 23 25 28 29 39 43 47
17 24 26 29 30 40 44 48
