1 4 8 13 14 28 30 38
1 5 10 11 25 27 35 46
1 6 7 21 23 31 42 45
1 9 20 23 27 32 33 47
1 12 15 19 24 25 39 41
1 15 17 25 36 39 43 48
2 3 17 19 27 38 41 45
2 4 12 23 26 30 35 36
2 5 9 14 15 29 31 39
2 6 11 12 26 28 36 47
2 7 8 22 24 32 43 46
2 10 21 24 28 33 34 48
2 13 16 20 25 26 40 42
3 4 18 20 28 39 42 46
3 5 13 24 27 31 36 37
3 6 10 15 16 30 32 40
3 7 12 13 27 29 37 48
3 8 9 23 25 33 44 47
3 14 17 21 26 27 41 43
4 5 19 21 29 40 43 47
4 6 14 25 28 32 37 38
4 7 11 16 17 31 33 41
4 9 10 24 26 34 45 48
4 15 18 22 27 28 42 44
5 6 20 22 30 41 44 48
5 7 15 26 29 33 38 39
5 8 12 17 18 32 34 42
5 16 19 23 28 29 43 45
6 8 16 27 30 34 39 40
6 9 13 18 19 33 35 43
6 17 20 24 29 30 44 46
7 9 17 28 31 35 40 41
7 10 14 19 20 34 36 44
7 18 21 25 30 31 45 47
8 10 18 29 32 36 41 42
8 11 15 20 21 35 37 45
8 19 22 26 31 32 46 48
9 11 19 30 33 37 42 43
9 12 16 21 22 36 38 46
10 12 20 31 34 38 43 44
10 13 17 22 23 37 39 47
11 13 21 32 35 39 44 45
11 14 18 23 24 38 40 48
12 14 22 33 36 40 45 46
13 15 23 34 37 41 46 47
14 16 24 35 38 42 47 48
