1 4 5 17 28 33 35 43
1 6 8 16 22 25 26 38
1 7 10 11 23 34 39 41
1 9 15 18 19 31 42 47
1 12 17 19 27 33 36 37
1 13 24 29 31 39 45 48
2 3 15 26 31 33 41 47
2 4 12 18 21 22 34 45
2 5 6 18 29 34 36 44
2 7 9 17 23 26 27 39
2 8 11 12 24 35 40 42
2 10 16 19 20 32 43 48
2 13 18 20 28 34 37 38
3 4 16 27 32 34 42 48
3 5 13 19 22 23 35 46
3 6 7 19 30 35 37 45
3 8 10 18 24 27 28 40
3 9 12 13 25 36 41 43
3 14 19 21 29 35 38 39
4 6 14 20 23 24 36 47
4 7 8 20 31 36 38 46
4 9 11 19 25 28 29 41
4 10 13 14 26 37 42 44
4 15 20 22 30 36 39 40
5 7 15 21 24 25 37 48
5 8 9 21 32 37 39 47
5 10 12 20 26 29 30 42
5 11 14 15 27 38 43 45
5 16 21 23 31 37 40 41
6 9 10 22 33 38 40 48
6 11 13 21 27 30 31 43
6 12 15 16 28 39 44 46
6 17 22 24 32 38 41 42
7 12 14 22 28 31 32 44
7 13 16 17 29 40 45 47
7 18 23 25 33 39 42 43
8 13 15 23 29 32 33 45
8 14 17 18 30 41 46 48
8 19 24 26 34 40 43 44
9 14 16 24 30 33 34 46
9 20 25 27 35 41 44 45
10 15 17 25 31 34 35 47
10 21 26 28 36 42 45 46
11 16 18 26 32 35 36 48
11 22 27 29 37 43 46 47
12 23 28 30 38 44 47 48
