1 3 9 15 22 31 46 47
1 7 13 20 29 44 45 47
1 7 14 23 38 39 41 43
1 8 17 32 33 35 37 43
1 10 25 26 28 30 36 42
1 16 17 19 21 27 33 40
2 3 5 7 13 19 26 35
2 4 10 16 23 32 47 48
2 8 14 21 30 45 46 48
2 8 15 24 39 40 42 44
2 9 18 33 34 36 38 44
2 11 26 27 29 31 37 43
2 17 18 20 22 28 34 41
3 4 6 8 14 20 27 36
3 9 16 25 40 41 43 45
3 10 19 34 35 37 39 45
3 12 27 28 30 32 38 44
3 18 19 21 23 29 35 42
4 5 7 9 15 21 28 37
4 10 17 26 41 42 44 46
4 11 20 35 36 38 40 46
4 13 28 29 31 33 39 45
4 19 20 22 24 30 36 43
5 6 8 10 16 22 29 38
5 11 18 27 42 43 45 47
5 12 21 36 37 39 41 47
5 14 29 30 32 34 40 46
5 20 21 23 25 31 37 44
6 7 9 11 17 23 30 39
6 12 19 28 43 44 46 48
6 13 22 37 38 40 42 48
6 15 30 31 33 35 41 47
6 21 22 24 26 32 38 45
7 8 10 12 18 24 31 40
7 16 31 32 34 36 42 48
7 22 23 25 27 33 39 46
8 9 11 13 19 25 32 41
8 23 24 26 28 34 40 47
9 10 12 14 20 26 33 42
9 24 25 27 29 35 41 48
10 11 13 15 21 27 34 43
11 12 14 16 22 28 35 44
12 13 15 17 23 29 36 45
13 14 16 18 24 30 37 46
14 15 17 19 25 31 38 47
15 16 18 20 26 32 39 48
