1 2 6 22 25 37 40 48
1 4 16 19 27 28 29 33
1 5 21 24 36 39 47 48
1 9 10 11 15 31 34 46
1 13 16 24 25 26 30 46
1 17 20 32 35 43 44 45
2 3 4 8 24 27 39 42
2 5 13 14 15 19 35 38
2 5 17 20 28 29 30 34
2 10 11 12 16 32 35 47
2 14 17 25 26 27 31 47
2 18 21 33 36 44 45 46
3 4 5 9 25 28 40 43
3 6 14 15 16 20 36 39
3 6 18 21 29 30 31 35
3 11 12 13 17 33 36 48
3 15 18 26 27 28 32 48
3 19 22 34 37 45 46 47
4 5 6 10 26 29 41 44
4 7 15 16 17 21 37 40
4 7 19 22 30 31 32 36
4 20 23 35 38 46 47 48
5 6 7 11 27 30 42 45
5 8 16 17 18 22 38 41
5 8 20 23 31 32 33 37
6 7 8 12 28 31 43 46
6 9 17 18 19 23 39 42
6 9 21 24 32 33 34 38
7 8 9 13 29 32 44 47
7 10 18 19 20 24 40 43
7 10 22 25 33 34 35 39
8 9 10 14 30 33 45 48
8 11 19 20 21 25 41 44
8 11 23 26 34 35 36 40
9 12 20 21 22 26 42 45
9 12 24 27 35 36 37 41
10 13 21 22 23 27 43 46
10 13 25 28 36 37 38 42
11 14 22 23 24 28 44 47
11 14 26 29 37 38 39 43
12 15 23 24 25 29 45 48
12 15 27 30 38 39 40 44
13 16 28 31 39 40 41 45
14 17 29 32 40 41 42 46
15 18 30 33 41 42 43 47
16 19 31 34 42 43 44 48
