1 5 14 21 35 37 38 43
1 6 12 16 25 32 46 48
1 7 11 20 27 41 43 44
1 8 22 24 25 30 36 40
1 10 17 31 33 34 39 45
1 15 17 18 23 29 33 42
2 3 8 14 18 27 34 48
2 4 5 10 16 20 29 36
2 6 15 22 36 38 39 44
2 8 12 21 28 42 44 45
2 9 23 25 26 31 37 41
2 11 18 32 34 35 40 46
2 16 18 19 24 30 34 43
3 5 6 11 17 21 30 37
3 7 16 23 37 39 40 45
3 9 13 22 29 43 45 46
3 10 24 26 27 32 38 42
3 12 19 33 35 36 41 47
3 17 19 20 25 31 35 44
4 6 7 12 18 22 31 38
4 8 17 24 38 40 41 46
4 10 14 23 30 44 46 47
4 11 25 27 28 33 39 43
4 13 20 34 36 37 42 48
4 18 20 21 26 32 36 45
5 7 8 13 19 23 32 39
5 9 18 25 39 41 42 47
5 11 15 24 31 45 47 48
5 12 26 28 29 34 40 44
5 19 21 22 27 33 37 46
6 8 9 14 20 24 33 40
6 10 19 26 40 42 43 48
6 13 27 29 30 35 41 45
6 20 22 23 28 34 38 47
7 9 10 15 21 25 34 41
7 14 28 30 31 36 42 46
7 21 23 24 29 35 39 48
8 10 11 16 22 26 35 42
8 15 29 31 32 37 43 47
9 11 12 17 23 27 36 43
9 16 30 32 33 38 44 48
10 12 13 18 24 28 37 44
11 13 14 19 25 29 38 45
12 14 15 20 26 30 39 46
13 15 16 21 27 31 40 47
14 16 17 22 28 32 41 48
