1 5 6 8 13 26 39 45
1 5 9 10 12 17 30 43
1 6 19 32 38 42 46 47
1 7 11 15 16 18 23 36
1 14 20 24 28 29 31 36
1 14 27 33 37 41 42 44
2 3 5 10 23 36 42 46
2 6 7 9 14 27 40 46
2 6 10 11 13 18 31 44
2 7 20 33 39 43 47 48
2 8 12 16 17 19 24 37
2 15 21 25 29 30 32 37
2 15 28 34 38 42 43 45
3 4 6 11 24 37 43 47
3 7 8 10 15 28 41 47
3 7 11 12 14 19 32 45
3 9 13 17 18 20 25 38
3 16 22 26 30 31 33 38
3 16 29 35 39 43 44 46
4 5 7 12 25 38 44 48
4 8 9 11 16 29 42 48
4 8 12 13 15 20 33 46
4 10 14 18 19 21 26 39
4 17 23 27 31 32 34 39
4 17 30 36 40 44 45 47
5 9 13 14 16 21 34 47
5 11 15 19 20 22 27 40
5 18 24 28 32 33 35 40
5 18 31 37 41 45 46 48
6 10 14 15 17 22 35 48
6 12 16 20 21 23 28 41
6 19 25 29 33 34 36 41
7 13 17 21 22 24 29 42
7 20 26 30 34 35 37 42
8 14 18 22 23 25 30 43
8 21 27 31 35 36 38 43
9 15 19 23 24 26 31 44
9 22 28 32 36 37 39 44
10 16 20 24 25 27 32 45
10 23 29 33 37 38 40 45
11 17 21 25 26 28 33 46
11 24 30 34 38 39 41 46
12 18 22 26 27 29 34 47
12 25 31 35 39 40 42 47
13 19 23 27 28 30 35 48
13 26 32 36 40 41 43 48
