1 5 9 28 33 39 40 42
1 5 24 29 35 36 38 45
1 6 12 13 15 22 26 30
1 7 8 10 17 21 25 44
1 8 12 16 35 40 46 47
1 20 25 31 32 34 41 45
2 3 5 12 16 20 39 44
2 6 10 29 34 40 41 43
2 6 25 30 36 37 39 46
2 7 13 14 16 23 27 31
2 8 9 11 18 22 26 45
2 9 13 17 36 41 47 48
2 21 26 32 33 35 42 46
3 4 6 13 17 21 40 45
3 7 11 30 35 41 42 44
3 7 26 31 37 38 40 47
3 8 14 15 17 24 28 32
3 9 10 12 19 23 27 46
3 22 27 33 34 36 43 47
4 5 7 14 18 22 41 46
4 8 12 31 36 42 43 45
4 8 27 32 38 39 41 48
4 9 15 16 18 25 29 33
4 10 11 13 20 24 28 47
4 23 28 34 35 37 44 48
5 6 8 15 19 23 42 47
5 9 13 32 37 43 44 46
5 10 16 17 19 26 30 34
5 11 12 14 21 25 29 48
6 7 9 16 20 24 43 48
6 10 14 33 38 44 45 47
6 11 17 18 20 27 31 35
7 11 15 34 39 45 46 48
7 12 18 19 21 28 32 36
8 13 19 20 22 29 33 37
9 14 20 21 23 30 34 38
10 15 21 22 24 31 35 39
11 16 22 23 25 32 36 40
12 17 23 24 26 33 37 41
13 18 24 25 27 34 38 42
14 19 25 26 28 35 39 43
15 20 26 27 29 36 40 44
16 21 27 28 30 37 41 45
17 22 28 29 31 38 42 46
18 23 29 30 32 39 43 47
19 24 30 31 33 40 44 48
