1 4 5 13 21 28 39 47
1 8 19 27 29 32 33 41
1 9 11 14 15 23 31 38
1 9 16 27 35 37 40 41
1 9 17 24 35 43 45 48
1 12 20 22 25 26 34 42
2 3 11 19 26 37 45 47
2 4 7 8 16 24 31 42
2 5 6 14 22 29 40 48
2 9 20 28 30 33 34 42
2 10 12 15 16 24 32 39
2 10 17 28 36 38 41 42
2 13 21 23 26 27 35 43
3 4 12 20 27 38 46 48
3 5 8 9 17 25 32 43
3 10 21 29 31 34 35 43
3 11 13 16 17 25 33 40
3 11 18 29 37 39 42 43
3 14 22 24 27 28 36 44
4 6 9 10 18 26 33 44
4 11 22 30 32 35 36 44
4 12 14 17 18 26 34 41
4 12 19 30 38 40 43 44
4 15 23 25 28 29 37 45
5 7 10 11 19 27 34 45
5 12 23 31 33 36 37 45
5 13 15 18 19 27 35 42
5 13 20 31 39 41 44 45
5 16 24 26 29 30 38 46
6 8 11 12 20 28 35 46
6 13 24 32 34 37 38 46
6 14 16 19 20 28 36 43
6 14 21 32 40 42 45 46
6 17 25 27 30 31 39 47
7 9 12 13 21 29 36 47
7 14 25 33 35 38 39 47
7 15 17 20 21 29 37 44
7 15 22 33 41 43 46 47
7 18 26 28 31 32 40 48
8 10 13 14 22 30 37 48
8 15 26 34 36 39 40 48
8 16 18 21 22 30 38 45
8 16 23 34 42 44 47 48
9 17 19 22 23 31 39 46
10 18 20 23 24 32 40 47
11 19 21 24 25 33 41 48
