1 3 12 24 27 40 41 45
1 5 7 16 28 31 44 45
1 5 9 11 20 32 35 48
1 10 22 25 38 39 43 47
1 13 16 29 30 34 38 40
1 14 15 19 23 25 34 46
2 3 7 11 13 22 34 37
2 4 13 25 28 41 42 46
2 5 18 19 23 27 29 38
2 6 8 17 29 32 45 46
2 11 23 26 39 40 44 48
2 14 17 30 31 35 39 41
2 15 16 20 24 26 35 47
3 4 8 12 14 23 35 38
3 5 14 26 29 42 43 47
3 6 19 20 24 28 30 39
3 7 9 18 30 33 46 47
3 15 18 31 32 36 40 42
3 16 17 21 25 27 36 48
4 5 9 13 15 24 36 39
4 6 15 27 30 43 44 48
4 7 20 21 25 29 31 40
4 8 10 19 31 34 47 48
4 16 19 32 33 37 41 43
5 6 10 14 16 25 37 40
5 8 21 22 26 30 32 41
5 17 20 33 34 38 42 44
6 7 11 15 17 26 38 41
6 9 22 23 27 31 33 42
6 18 21 34 35 39 43 45
7 8 12 16 18 27 39 42
7 10 23 24 28 32 34 43
7 19 22 35 36 40 44 46
8 9 13 17 19 28 40 43
8 11 24 25 29 33 35 44
8 20 23 36 37 41 45 47
9 10 14 18 20 29 41 44
9 12 25 26 30 34 36 45
9 21 24 37 38 42 46 48
10 11 15 19 21 30 42 45
10 13 26 27 31 35 37 46
11 12 16 20 22 31 43 46
11 14 27 28 32 36 38 47
12 13 17 21 23 32 44 47
12 15 28 29 33 37 39 48
13 14 18 22 24 33 45 48
