1 5 6 11 13 22 26 35
1 5 14 28 32 33 38 40
1 6 8 17 21 30 44 48
1 10 14 23 37 41 42 47
1 10 24 28 29 34 36 45
1 15 19 20 25 27 36 40
2 3 8 10 19 23 32 46
2 4 13 17 26 40 44 45
2 6 7 12 14 23 27 36
2 6 15 29 33 34 39 41
2 11 15 24 38 42 43 48
2 11 25 29 30 35 37 46
2 16 20 21 26 28 37 41
3 4 9 11 20 24 33 47
3 5 14 18 27 41 45 46
3 7 8 13 15 24 28 37
3 7 16 30 34 35 40 42
3 12 26 30 31 36 38 47
3 17 21 22 27 29 38 42
4 5 10 12 21 25 34 48
4 6 15 19 28 42 46 47
4 8 9 14 16 25 29 38
4 8 17 31 35 36 41 43
4 13 27 31 32 37 39 48
4 18 22 23 28 30 39 43
5 7 16 20 29 43 47 48
5 9 10 15 17 26 30 39
5 9 18 32 36 37 42 44
5 19 23 24 29 31 40 44
6 10 11 16 18 27 31 40
6 10 19 33 37 38 43 45
6 20 24 25 30 32 41 45
7 11 12 17 19 28 32 41
7 11 20 34 38 39 44 46
7 21 25 26 31 33 42 46
8 12 13 18 20 29 33 42
8 12 21 35 39 40 45 47
8 22 26 27 32 34 43 47
9 13 14 19 21 30 34 43
9 13 22 36 40 41 46 48
9 23 27 28 33 35 44 48
10 14 15 20 22 31 35 44
11 15 16 21 23 32 36 45
12 16 17 22 24 33 37 46
13 17 18 23 25 34 38 47
14 18 19 24 26 35 39 48
