1 4 12 14 15 19 27 43
1 5 13 29 35 38 46 48
1 7 10 18 20 21 25 33
1 9 11 12 16 24 40 46
1 9 25 31 34 42 44 45
1 17 23 26 34 36 37 41
2 3 7 15 31 37 40 48
2 4 5 9 17 33 39 42
2 5 13 15 16 20 28 44
2 8 11 19 21 22 26 34
2 10 12 13 17 25 41 47
2 10 26 32 35 43 45 46
2 18 24 27 35 37 38 42
3 5 6 10 18 34 40 43
3 6 14 16 17 21 29 45
3 9 12 20 22 23 27 35
3 11 13 14 18 26 42 48
3 11 27 33 36 44 46 47
3 19 25 28 36 38 39 43
4 6 7 11 19 35 41 44
4 7 15 17 18 22 30 46
4 10 13 21 23 24 28 36
4 12 28 34 37 45 47 48
4 20 26 29 37 39 40 44
5 7 8 12 20 36 42 45
5 8 16 18 19 23 31 47
5 11 14 22 24 25 29 37
5 21 27 30 38 40 41 45
6 8 9 13 21 37 43 46
6 9 17 19 20 24 32 48
6 12 15 23 25 26 30 38
6 22 28 31 39 41 42 46
7 9 10 14 22 38 44 47
7 13 16 24 26 27 31 39
7 23 29 32 40 42 43 47
8 10 11 15 23 39 45 48
8 14 17 25 27 28 32 40
8 24 30 33 41 43 44 48
9 15 18 26 28 29 33 41
10 16 19 27 29 30 34 42
11 17 20 28 30 31 35 43
12 18 21 29 31 32 36 44
13 19 22 30 32 33 37 45
14 20 23 31 33 34 38 46
15 21 24 32 34 35 39 47
16 22 25 33 35 36 40 48
