1 4 8 17 19 29 43 48
1 5 14 16 26 40 45 46
1 6 7 10 14 23 25 35
1 10 12 22 36 41 42 45
1 11 25 30 31 34 38 47
1 15 20 21 24 28 37 39
2 3 6 10 19 21 31 45
2 4 14 28 33 34 37 41
2 6 15 17 27 41 46 47
2 7 8 11 15 24 26 36
2 11 13 23 37 42 43 46
2 12 26 31 32 35 39 48
2 16 21 22 25 29 38 40
3 4 7 11 20 22 32 46
3 5 15 29 34 35 38 42
3 7 16 18 28 42 47 48
3 8 9 12 16 25 27 37
3 12 14 24 38 43 44 47
3 17 22 23 26 30 39 41
4 5 8 12 21 23 33 47
4 6 16 30 35 36 39 43
4 9 10 13 17 26 28 38
4 13 15 25 39 44 45 48
4 18 23 24 27 31 40 42
5 6 9 13 22 24 34 48
5 7 17 31 36 37 40 44
5 10 11 14 18 27 29 39
5 19 24 25 28 32 41 43
6 8 18 32 37 38 41 45
6 11 12 15 19 28 30 40
6 20 25 26 29 33 42 44
7 9 19 33 38 39 42 46
7 12 13 16 20 29 31 41
7 21 26 27 30 34 43 45
8 10 20 34 39 40 43 47
8 13 14 17 21 30 32 42
8 22 27 28 31 35 44 46
9 11 21 35 40 41 44 48
9 14 15 18 22 31 33 43
9 23 28 29 32 36 45 47
10 15 16 19 23 32 34 44
10 24 29 30 33 37 46 48
11 16 17 20 24 33 35 45
12 17 18 21 25 34 36 46
13 18 19 22 26 35 37 47
14 19 20 23 27 36 38 48
