1 2 12 14 15 19 35 41
1 5 21 27 35 36 46 48
1 7 15 16 26 28 29 33
1 9 10 20 22 23 27 43
1 11 13 14 18 34 40 48
1 17 23 31 32 42 44 45
2 3 7 23 29 37 38 48
2 3 13 15 16 20 36 42
2 4 5 9 25 31 39 40
2 8 16 17 27 29 30 34
2 10 11 21 23 24 28 44
2 18 24 32 33 43 45 46
3 4 14 16 17 21 37 43
3 5 6 10 26 32 40 41
3 9 17 18 28 30 31 35
3 11 12 22 24 25 29 45
3 19 25 33 34 44 46 47
4 5 15 17 18 22 38 44
4 6 7 11 27 33 41 42
4 10 18 19 29 31 32 36
4 12 13 23 25 26 30 46
4 20 26 34 35 45 47 48
5 6 16 18 19 23 39 45
5 7 8 12 28 34 42 43
5 11 19 20 30 32 33 37
5 13 14 24 26 27 31 47
6 7 17 19 20 24 40 46
6 8 9 13 29 35 43 44
6 12 20 21 31 33 34 38
6 14 15 25 27 28 32 48
7 8 18 20 21 25 41 47
7 9 10 14 30 36 44 45
7 13 21 22 32 34 35 39
8 9 19 21 22 26 42 48
8 10 11 15 31 37 45 46
8 14 22 23 33 35 36 40
9 11 12 16 32 38 46 47
9 15 23 24 34 36 37 41
10 12 13 17 33 39 47 48
10 16 24 25 35 37 38 42
11 17 25 26 36 38 39 43
12 18 26 27 37 39 40 44
13 19 27 28 38 40 41 45
14 20 28 29 39 41 42 46
15 21 29 30 40 42 43 47
16 22 30 31 41 43 44 48
