1 4 10 12 25 26 30 42
1 5 17 24 27 33 35 48
1 7 9 22 23 27 39 46
1 8 11 17 19 32 33 37
1 13 20 23 29 31 44 45
1 14 15 19 31 38 41 47
2 3 7 19 26 29 35 37
2 4 17 18 22 34 41 44
2 5 11 13 26 27 31 43
2 8 10 23 24 28 40 47
2 9 12 18 20 33 34 38
2 14 21 24 30 32 45 46
2 15 16 20 32 39 42 48
3 4 8 20 27 30 36 38
3 5 18 19 23 35 42 45
3 6 12 14 27 28 32 44
3 9 11 24 25 29 41 48
3 10 13 19 21 34 35 39
3 15 22 25 31 33 46 47
4 5 9 21 28 31 37 39
4 6 19 20 24 36 43 46
4 7 13 15 28 29 33 45
4 11 14 20 22 35 36 40
4 16 23 26 32 34 47 48
5 6 10 22 29 32 38 40
5 7 20 21 25 37 44 47
5 8 14 16 29 30 34 46
5 12 15 21 23 36 37 41
6 7 11 23 30 33 39 41
6 8 21 22 26 38 45 48
6 9 15 17 30 31 35 47
6 13 16 22 24 37 38 42
7 8 12 24 31 34 40 42
7 10 16 18 31 32 36 48
7 14 17 23 25 38 39 43
8 9 13 25 32 35 41 43
8 15 18 24 26 39 40 44
9 10 14 26 33 36 42 44
9 16 19 25 27 40 41 45
10 11 15 27 34 37 43 45
10 17 20 26 28 41 42 46
11 12 16 28 35 38 44 46
11 18 21 27 29 42 43 47
12 13 17 29 36 39 45 47
12 19 22 28 30 43 44 48
13 14 18 30 37 40 46 48
