1 3 8 9 21 32 35 47
1 4 16 18 20 25 26 38
1 6 7 19 30 33 45 47
1 12 15 27 29 31 36 37
1 13 15 17 22 23 35 46
1 13 24 27 39 41 43 48
2 3 15 26 29 41 43 45
2 4 6 11 12 24 35 38
2 4 9 10 22 33 36 48
2 5 17 19 21 26 27 39
2 7 8 20 31 34 46 48
2 13 16 28 30 32 37 38
2 14 16 18 23 24 36 47
3 4 16 27 30 42 44 46
3 5 7 12 13 25 36 39
3 6 18 20 22 27 28 40
3 14 17 29 31 33 38 39
3 15 17 19 24 25 37 48
4 5 17 28 31 43 45 47
4 6 8 13 14 26 37 40
4 7 19 21 23 28 29 41
4 15 18 30 32 34 39 40
5 6 18 29 32 44 46 48
5 7 9 14 15 27 38 41
5 8 20 22 24 29 30 42
5 16 19 31 33 35 40 41
6 8 10 15 16 28 39 42
6 9 21 23 25 30 31 43
6 17 20 32 34 36 41 42
7 9 11 16 17 29 40 43
7 10 22 24 26 31 32 44
7 18 21 33 35 37 42 43
8 10 12 17 18 30 41 44
8 11 23 25 27 32 33 45
8 19 22 34 36 38 43 44
9 11 13 18 19 31 42 45
9 12 24 26 28 33 34 46
9 20 23 35 37 39 44 45
10 12 14 19 20 32 43 46
10 13 25 27 29 34 35 47
10 21 24 36 38 40 45 46
11 13 15 20 21 33 44 47
11 14 26 28 30 35 36 48
11 22 25 37 39 41 46 47
12 14 16 21 22 34 45 48
12 23 26 38 40 42 47 48
