1 4 24 25 27 32 39 43
1 5 11 14 34 35 37 42
1 6 13 17 23 26 46 47
1 7 10 30 31 33 38 45
1 8 12 18 21 41 42 44
1 21 22 24 29 36 40 46
2 3 5 10 17 21 27 30
2 5 25 26 28 33 40 44
2 6 12 15 35 36 38 43
2 7 14 18 24 27 47 48
2 8 11 31 32 34 39 46
2 9 13 19 22 42 43 45
2 22 23 25 30 37 41 47
3 4 6 11 18 22 28 31
3 6 26 27 29 34 41 45
3 7 13 16 36 37 39 44
3 9 12 32 33 35 40 47
3 10 14 20 23 43 44 46
3 23 24 26 31 38 42 48
4 5 7 12 19 23 29 32
4 7 27 28 30 35 42 46
4 8 14 17 37 38 40 45
4 10 13 33 34 36 41 48
4 11 15 21 24 44 45 47
5 6 8 13 20 24 30 33
5 8 28 29 31 36 43 47
5 9 15 18 38 39 41 46
5 12 16 22 25 45 46 48
6 7 9 14 21 25 31 34
6 9 29 30 32 37 44 48
6 10 16 19 39 40 42 47
7 8 10 15 22 26 32 35
7 11 17 20 40 41 43 48
8 9 11 16 23 27 33 36
9 10 12 17 24 28 34 37
10 11 13 18 25 29 35 38
11 12 14 19 26 30 36 39
12 13 15 20 27 31 37 40
13 14 16 21 28 32 38 41
14 15 17 22 29 33 39 42
15 16 18 23 30 34 40 43
16 17 19 24 31 35 41 44
17 18 20 25 32 36 42 45
18 19 21 26 33 37 43 46
19 20 22 27 34 38 44 47
20 21 23 28 35 39 45 48
