1 2 8 12 15 24 29 48
1 4 13 18 37 38 39 45
1 6 25 26 27 33 37 40
1 7 11 14 23 28 47 48
1 10 15 34 35 36 42 46
1 20 21 22 28 32 35 44
2 3 4 10 14 17 26 31
2 5 14 19 38 39 40 46
2 6 9 18 23 42 43 44
2 7 26 27 28 34 38 41
2 11 16 35 36 37 43 47
2 21 22 23 29 33 36 45
3 4 5 11 15 18 27 32
3 6 15 20 39 40 41 47
3 7 10 19 24 43 44 45
3 8 27 28 29 35 39 42
3 12 17 36 37 38 44 48
3 22 23 24 30 34 37 46
4 5 6 12 16 19 28 33
4 7 16 21 40 41 42 48
4 8 11 20 25 44 45 46
4 9 28 29 30 36 40 43
4 23 24 25 31 35 38 47
5 6 7 13 17 20 29 34
5 9 12 21 26 45 46 47
5 10 29 30 31 37 41 44
5 24 25 26 32 36 39 48
6 7 8 14 18 21 30 35
6 10 13 22 27 46 47 48
6 11 30 31 32 38 42 45
7 8 9 15 19 22 31 36
7 12 31 32 33 39 43 46
8 9 10 16 20 23 32 37
8 13 32 33 34 40 44 47
9 10 11 17 21 24 33 38
9 14 33 34 35 41 45 48
10 11 12 18 22 25 34 39
11 12 13 19 23 26 35 40
12 13 14 20 24 27 36 41
13 14 15 21 25 28 37 42
14 15 16 22 26 29 38 43
15 16 17 23 27 30 39 44
16 17 18 24 28 31 40 45
17 18 19 25 29 32 41 46
18 19 20 26 30 33 42 47
19 20 21 27 31 34 43 48
