1 2 7 11 22 23 25 42
1 3 20 27 28 33 37 48
1 6 10 21 22 24 41 48
1 8 9 14 18 29 30 32
1 12 13 15 32 39 40 45
1 18 25 26 31 35 46 47
2 3 5 22 29 30 35 39
2 3 8 12 23 24 26 43
2 6 17 18 20 37 44 45
2 9 10 15 19 30 31 33
2 13 14 16 33 40 41 46
2 19 26 27 32 36 47 48
3 4 6 23 30 31 36 40
3 4 9 13 24 25 27 44
3 7 18 19 21 38 45 46
3 10 11 16 20 31 32 34
3 14 15 17 34 41 42 47
4 5 7 24 31 32 37 41
4 5 10 14 25 26 28 45
4 8 19 20 22 39 46 47
4 11 12 17 21 32 33 35
4 15 16 18 35 42 43 48
5 6 8 25 32 33 38 42
5 6 11 15 26 27 29 46
5 9 20 21 23 40 47 48
5 12 13 18 22 33 34 36
6 7 9 26 33 34 39 43
6 7 12 16 27 28 30 47
6 13 14 19 23 34 35 37
7 8 10 27 34 35 40 44
7 8 13 17 28 29 31 48
7 14 15 20 24 35 36 38
8 9 11 28 35 36 41 45
8 15 16 21 25 36 37 39
9 10 12 29 36 37 42 46
9 16 17 22 26 37 38 40
10 11 13 30 37 38 43 47
10 17 18 23 27 38 39 41
11 12 14 31 38 39 44 48
11 18 19 24 28 39 40 42
12 19 20 25 29 40 41 43
13 20 21 26 30 41 42 44
14 21 22 27 31 42 43 45
15 22 23 28 32 43 44 46
16 23 24 29 33 44 45 47
17 24 25 30 34 45 46 48
