1 4 9 20 21 28 30 34
1 5 20 23 28 39 40 47
1 6 17 18 25 27 31 46
1 8 10 14 29 32 37 48
1 12 13 20 22 26 41 44
1 16 19 24 35 36 43 45
2 3 10 12 16 31 34 39
2 4 8 23 26 31 42 43
2 5 10 21 22 29 31 35
2 6 21 24 29 40 41 48
2 7 18 19 26 28 32 47
2 13 14 21 23 27 42 45
2 17 20 25 36 37 44 46
3 4 11 13 17 32 35 40
3 5 9 24 27 32 43 44
3 6 11 22 23 30 32 36
3 8 19 20 27 29 33 48
3 14 15 22 24 28 43 46
3 18 21 26 37 38 45 47
4 5 12 14 18 33 36 41
4 6 10 25 28 33 44 45
4 7 12 23 24 31 33 37
4 15 16 23 25 29 44 47
4 19 22 27 38 39 46 48
5 6 13 15 19 34 37 42
5 7 11 26 29 34 45 46
5 8 13 24 25 32 34 38
5 16 17 24 26 30 45 48
6 7 14 16 20 35 38 43
6 8 12 27 30 35 46 47
6 9 14 25 26 33 35 39
7 8 15 17 21 36 39 44
7 9 13 28 31 36 47 48
7 10 15 26 27 34 36 40
8 9 16 18 22 37 40 45
8 11 16 27 28 35 37 41
9 10 17 19 23 38 41 46
9 12 17 28 29 36 38 42
10 11 18 20 24 39 42 47
10 13 18 29 30 37 39 43
11 12 19 21 25 40 43 48
11 14 19 30 31 38 40 44
12 15 20 31 32 39 41 45
13 16 21 32 33 40 42 46
14 17 22 33 34 41 43 47
15 18 23 34 35 42 44 48
