1 4 8 21 23 31 32 37
1 5 18 20 28 29 34 46
1 6 18 21 25 38 40 48
1 9 10 15 27 30 34 47
1 13 16 20 33 35 43 44
1 14 16 24 25 30 42 45
2 3 8 20 23 27 40 42
2 4 12 13 18 30 33 37
2 5 9 22 24 32 33 38
2 6 19 21 29 30 35 47
2 10 11 16 28 31 35 48
2 14 17 21 34 36 44 45
2 15 17 25 26 31 43 46
3 4 9 21 24 28 41 43
3 5 13 14 19 31 34 38
3 6 10 23 25 33 34 39
3 7 20 22 30 31 36 48
3 15 18 22 35 37 45 46
3 16 18 26 27 32 44 47
4 5 10 22 25 29 42 44
4 6 14 15 20 32 35 39
4 7 11 24 26 34 35 40
4 16 19 23 36 38 46 47
4 17 19 27 28 33 45 48
5 6 11 23 26 30 43 45
5 7 15 16 21 33 36 40
5 8 12 25 27 35 36 41
5 17 20 24 37 39 47 48
6 7 12 24 27 31 44 46
6 8 16 17 22 34 37 41
6 9 13 26 28 36 37 42
7 8 13 25 28 32 45 47
7 9 17 18 23 35 38 42
7 10 14 27 29 37 38 43
8 9 14 26 29 33 46 48
8 10 18 19 24 36 39 43
8 11 15 28 30 38 39 44
9 11 19 20 25 37 40 44
9 12 16 29 31 39 40 45
10 12 20 21 26 38 41 45
10 13 17 30 32 40 41 46
11 13 21 22 27 39 42 46
11 14 18 31 33 41 42 47
12 14 22 23 28 40 43 47
12 15 19 32 34 42 43 48
13 15 23 24 29 41 44 48
