1 4 8 10 25 26 36 44
1 5 7 22 23 33 41 46
1 6 9 13 15 30 31 41
1 9 14 17 21 23 38 39
1 11 19 24 27 31 33 48
1 16 17 27 35 40 43 47
2 3 13 21 26 29 33 35
2 4 19 20 30 38 43 46
2 5 9 11 26 27 37 45
2 6 8 23 24 34 42 47
2 7 10 14 16 31 32 42
2 10 15 18 22 24 39 40
2 17 18 28 36 41 44 48
3 4 14 22 27 30 34 36
3 5 20 21 31 39 44 47
3 6 10 12 27 28 38 46
3 7 9 24 25 35 43 48
3 8 11 15 17 32 33 43
3 11 16 19 23 25 40 41
4 5 15 23 28 31 35 37
4 6 21 22 32 40 45 48
4 7 11 13 28 29 39 47
4 9 12 16 18 33 34 44
4 12 17 20 24 26 41 42
5 6 16 24 29 32 36 38
5 8 12 14 29 30 40 48
5 10 13 17 19 34 35 45
5 13 18 21 25 27 42 43
6 7 17 25 30 33 37 39
6 11 14 18 20 35 36 46
6 14 19 22 26 28 43 44
7 8 18 26 31 34 38 40
7 12 15 19 21 36 37 47
7 15 20 23 27 29 44 45
8 9 19 27 32 35 39 41
8 13 16 20 22 37 38 48
8 16 21 24 28 30 45 46
9 10 20 28 33 36 40 42
9 17 22 25 29 31 46 47
10 11 21 29 34 37 41 43
10 18 23 26 30 32 47 48
11 12 22 30 35 38 42 44
12 13 23 31 36 39 43 45
13 14 24 32 37 40 44 46
14 15 25 33 38 41 45 47
15 16 26 34 39 42 46 48
