1 4 12 13 15 19 39 44
1 5 25 30 35 38 46 47
1 6 9 17 18 20 24 44
1 6 11 14 22 23 25 29
1 9 10 12 16 36 41 46
1 21 26 31 34 42 43 45
2 3 5 9 29 34 39 42
2 5 13 14 16 20 40 45
2 6 26 31 36 39 47 48
2 7 10 18 19 21 25 45
2 7 12 15 23 24 26 30
2 10 11 13 17 37 42 47
2 22 27 32 35 43 44 46
3 4 6 10 30 35 40 43
3 6 14 15 17 21 41 46
3 8 11 19 20 22 26 46
3 8 13 16 24 25 27 31
3 11 12 14 18 38 43 48
3 23 28 33 36 44 45 47
4 5 7 11 31 36 41 44
4 7 15 16 18 22 42 47
4 9 12 20 21 23 27 47
4 9 14 17 25 26 28 32
4 24 29 34 37 45 46 48
5 6 8 12 32 37 42 45
5 8 16 17 19 23 43 48
5 10 13 21 22 24 28 48
5 10 15 18 26 27 29 33
6 7 9 13 33 38 43 46
6 11 16 19 27 28 30 34
7 8 10 14 34 39 44 47
7 12 17 20 28 29 31 35
8 9 11 15 35 40 45 48
8 13 18 21 29 30 32 36
9 14 19 22 30 31 33 37
10 15 20 23 31 32 34 38
11 16 21 24 32 33 35 39
12 17 22 25 33 34 36 40
13 18 23 26 34 35 37 41
14 19 24 27 35 36 38 42
15 20 25 28 36 37 39 43
16 21 26 29 37 38 40 44
17 22 27 30 38 39 41 45
18 23 28 31 39 40 42 46
19 24 29 32 40 41 43 47
20 25 30 33 41 42 44 48
