1 2 22 23 26 31 33 37
1 4 9 11 15 27 28 48
1 5 17 18 38 39 42 47
1 6 8 12 24 25 45 46
1 13 14 34 35 38 43 45
1 21 22 25 30 32 36 48
2 3 6 11 13 17 29 30
2 3 23 24 27 32 34 38
2 4 8 20 21 41 42 45
2 6 18 19 39 40 43 48
2 7 9 13 25 26 46 47
2 14 15 35 36 39 44 46
3 4 7 12 14 18 30 31
3 4 24 25 28 33 35 39
3 5 9 21 22 42 43 46
3 8 10 14 26 27 47 48
3 15 16 36 37 40 45 47
4 5 8 13 15 19 31 32
4 5 25 26 29 34 36 40
4 6 10 22 23 43 44 47
4 16 17 37 38 41 46 48
5 6 9 14 16 20 32 33
5 6 26 27 30 35 37 41
5 7 11 23 24 44 45 48
6 7 10 15 17 21 33 34
6 7 27 28 31 36 38 42
7 8 11 16 18 22 34 35
7 8 28 29 32 37 39 43
8 9 12 17 19 23 35 36
8 9 29 30 33 38 40 44
9 10 13 18 20 24 36 37
9 10 30 31 34 39 41 45
10 11 14 19 21 25 37 38
10 11 31 32 35 40 42 46
11 12 15 20 22 26 38 39
11 12 32 33 36 41 43 47
12 13 16 21 23 27 39 40
12 13 33 34 37 42 44 48
13 14 17 22 24 28 40 41
14 15 18 23 25 29 41 42
15 16 19 24 26 30 42 43
16 17 20 25 27 31 43 44
17 18 21 26 28 32 44 45
18 19 22 27 29 33 45 46
19 20 23 28 30 34 46 47
20 21 24 29 31 35 47 48
