1 3 4 21 28 37 41 47
1 3 5 6 23 30 39 43
1 7 9 11 12 29 36 45
1 8 17 21 27 29 31 32
1 10 14 20 22 24 25 42
1 18 25 34 38 44 46 48
2 3 20 27 36 40 46 48
2 4 5 22 29 38 42 48
2 4 6 7 24 31 40 44
2 6 12 14 16 17 34 41
2 8 10 12 13 30 37 46
2 9 18 22 28 30 32 33
2 11 15 21 23 25 26 43
3 5 7 8 25 32 41 45
3 7 13 15 17 18 35 42
3 9 11 13 14 31 38 47
3 10 19 23 29 31 33 34
3 12 16 22 24 26 27 44
4 6 8 9 26 33 42 46
4 8 14 16 18 19 36 43
4 10 12 14 15 32 39 48
4 11 20 24 30 32 34 35
4 13 17 23 25 27 28 45
5 7 9 10 27 34 43 47
5 9 15 17 19 20 37 44
5 12 21 25 31 33 35 36
5 14 18 24 26 28 29 46
6 8 10 11 28 35 44 48
6 10 16 18 20 21 38 45
6 13 22 26 32 34 36 37
6 15 19 25 27 29 30 47
7 11 17 19 21 22 39 46
7 14 23 27 33 35 37 38
7 16 20 26 28 30 31 48
8 12 18 20 22 23 40 47
8 15 24 28 34 36 38 39
9 13 19 21 23 24 41 48
9 16 25 29 35 37 39 40
10 17 26 30 36 38 40 41
11 18 27 31 37 39 41 42
12 19 28 32 38 40 42 43
13 20 29 33 39 41 43 44
14 21 30 34 40 42 44 45
15 22 31 35 41 43 45 46
16 23 32 36 42 44 46 47
17 24 33 37 43 45 47 48
