1 4 12 16 18 25 26 44
1 5 7 14 15 33 38 41
1 6 9 17 21 23 30 31
1 8 9 27 32 35 43 47
1 9 13 15 22 23 41 46
1 19 24 27 35 39 41 48
2 3 21 26 29 37 41 43
2 4 11 12 30 35 38 46
2 5 13 17 19 26 27 45
2 6 8 15 16 34 39 42
2 7 10 18 22 24 31 32
2 9 10 28 33 36 44 48
2 10 14 16 23 24 42 47
3 4 22 27 30 38 42 44
3 5 12 13 31 36 39 47
3 6 14 18 20 27 28 46
3 7 9 16 17 35 40 43
3 8 11 19 23 25 32 33
3 11 15 17 24 25 43 48
4 5 23 28 31 39 43 45
4 6 13 14 32 37 40 48
4 7 15 19 21 28 29 47
4 8 10 17 18 36 41 44
4 9 12 20 24 26 33 34
5 6 24 29 32 40 44 46
5 8 16 20 22 29 30 48
5 9 11 18 19 37 42 45
5 10 13 21 25 27 34 35
6 7 25 30 33 41 45 47
6 10 12 19 20 38 43 46
6 11 14 22 26 28 35 36
7 8 26 31 34 42 46 48
7 11 13 20 21 39 44 47
7 12 15 23 27 29 36 37
8 12 14 21 22 40 45 48
8 13 16 24 28 30 37 38
9 14 17 25 29 31 38 39
10 15 18 26 30 32 39 40
11 16 19 27 31 33 40 41
12 17 20 28 32 34 41 42
13 18 21 29 33 35 42 43
14 19 22 30 34 36 43 44
15 20 23 31 35 37 44 45
16 21 24 32 36 38 45 46
17 22 25 33 37 39 46 47
18 23 26 34 38 40 47 48
