1 4 5 9 15 28 35 37
1 5 11 24 31 33 45 48
1 7 20 27 29 41 44 45
1 8 10 22 25 26 30 36
1 13 16 17 21 27 40 47
1 14 21 23 35 38 39 43
2 3 7 13 26 33 35 47
2 4 16 19 20 24 30 43
2 5 6 10 16 29 36 38
2 8 21 28 30 42 45 46
2 9 11 23 26 27 31 37
2 14 17 18 22 28 41 48
2 15 22 24 36 39 40 44
3 4 8 14 27 34 36 48
3 5 17 20 21 25 31 44
3 6 7 11 17 30 37 39
3 9 22 29 31 43 46 47
3 10 12 24 27 28 32 38
3 16 23 25 37 40 41 45
4 6 18 21 22 26 32 45
4 7 8 12 18 31 38 40
4 10 23 30 32 44 47 48
4 11 13 25 28 29 33 39
4 17 24 26 38 41 42 46
5 7 19 22 23 27 33 46
5 8 9 13 19 32 39 41
5 12 14 26 29 30 34 40
5 18 25 27 39 42 43 47
6 8 20 23 24 28 34 47
6 9 10 14 20 33 40 42
6 13 15 27 30 31 35 41
6 19 26 28 40 43 44 48
7 9 21 24 25 29 35 48
7 10 11 15 21 34 41 43
7 14 16 28 31 32 36 42
8 11 12 16 22 35 42 44
8 15 17 29 32 33 37 43
9 12 13 17 23 36 43 45
9 16 18 30 33 34 38 44
10 13 14 18 24 37 44 46
10 17 19 31 34 35 39 45
11 14 15 19 25 38 45 47
11 18 20 32 35 36 40 46
12 15 16 20 26 39 46 48
12 19 21 33 36 37 41 47
13 20 22 34 37 38 42 48
