1 4 8 9 15 28 30 40
1 5 6 12 25 27 37 46
1 7 20 22 32 41 44 48
1 10 13 17 18 24 37 39
1 11 20 23 27 28 34 47
1 14 16 26 35 38 42 43
2 3 9 22 24 34 43 46
2 4 14 23 26 30 31 37
2 5 9 10 16 29 31 41
2 6 7 13 26 28 38 47
2 11 14 18 19 25 38 40
2 12 21 24 28 29 35 48
2 15 17 27 36 39 43 44
3 4 10 23 25 35 44 47
3 5 15 24 27 31 32 38
3 6 10 11 17 30 32 42
3 7 8 14 27 29 39 48
3 12 15 19 20 26 39 41
3 16 18 28 37 40 44 45
4 5 11 24 26 36 45 48
4 6 16 25 28 32 33 39
4 7 11 12 18 31 33 43
4 13 16 20 21 27 40 42
4 17 19 29 38 41 45 46
5 7 17 26 29 33 34 40
5 8 12 13 19 32 34 44
5 14 17 21 22 28 41 43
5 18 20 30 39 42 46 47
6 8 18 27 30 34 35 41
6 9 13 14 20 33 35 45
6 15 18 22 23 29 42 44
6 19 21 31 40 43 47 48
7 9 19 28 31 35 36 42
7 10 14 15 21 34 36 46
7 16 19 23 24 30 43 45
8 10 20 29 32 36 37 43
8 11 15 16 22 35 37 47
8 17 20 24 25 31 44 46
9 11 21 30 33 37 38 44
9 12 16 17 23 36 38 48
9 18 21 25 26 32 45 47
10 12 22 31 34 38 39 45
10 19 22 26 27 33 46 48
11 13 23 32 35 39 40 46
12 14 24 33 36 40 41 47
13 15 25 34 37 41 42 48
