1 4 6 25 26 32 36 40
1 5 9 18 21 23 42 43
1 5 14 17 19 38 39 45
1 7 11 15 24 27 29 48
1 10 13 15 34 35 41 45
1 20 21 27 31 35 44 47
2 3 9 13 17 26 29 31
2 4 23 24 30 34 38 47
2 5 7 26 27 33 37 41
2 6 10 19 22 24 43 44
2 6 15 18 20 39 40 46
2 11 14 16 35 36 42 46
2 21 22 28 32 36 45 48
3 4 10 14 18 27 30 32
3 5 24 25 31 35 39 48
3 6 8 27 28 34 38 42
3 7 11 20 23 25 44 45
3 7 16 19 21 40 41 47
3 12 15 17 36 37 43 47
4 5 11 15 19 28 31 33
4 7 9 28 29 35 39 43
4 8 12 21 24 26 45 46
4 8 17 20 22 41 42 48
4 13 16 18 37 38 44 48
5 6 12 16 20 29 32 34
5 8 10 29 30 36 40 44
5 9 13 22 25 27 46 47
6 7 13 17 21 30 33 35
6 9 11 30 31 37 41 45
6 10 14 23 26 28 47 48
7 8 14 18 22 31 34 36
7 10 12 31 32 38 42 46
8 9 15 19 23 32 35 37
8 11 13 32 33 39 43 47
9 10 16 20 24 33 36 38
9 12 14 33 34 40 44 48
10 11 17 21 25 34 37 39
11 12 18 22 26 35 38 40
12 13 19 23 27 36 39 41
13 14 20 24 28 37 40 42
14 15 21 25 29 38 41 43
15 16 22 26 30 39 42 44
16 17 23 27 31 40 43 45
17 18 24 28 32 41 44 46
18 19 25 29 33 42 45 47
19 20 26 30 34 43 46 48
