1 4 12 17 19 25 39 48
1 6 8 14 28 37 38 41
1 7 21 30 31 34 42 47
1 9 14 16 22 36 45 46
1 10 11 14 22 27 29 35
1 15 24 25 28 36 41 43
2 3 6 14 19 21 27 41
2 4 10 24 33 34 37 45
2 7 9 15 29 38 39 42
2 8 22 31 32 35 43 48
2 10 15 17 23 37 46 47
2 11 12 15 23 28 30 36
2 16 25 26 29 37 42 44
3 4 7 15 20 22 28 42
3 5 11 25 34 35 38 46
3 8 10 16 30 39 40 43
3 11 16 18 24 38 47 48
3 12 13 16 24 29 31 37
3 17 26 27 30 38 43 45
4 5 8 16 21 23 29 43
4 6 12 26 35 36 39 47
4 9 11 17 31 40 41 44
4 13 14 17 25 30 32 38
4 18 27 28 31 39 44 46
5 6 9 17 22 24 30 44
5 7 13 27 36 37 40 48
5 10 12 18 32 41 42 45
5 14 15 18 26 31 33 39
5 19 28 29 32 40 45 47
6 7 10 18 23 25 31 45
6 11 13 19 33 42 43 46
6 15 16 19 27 32 34 40
6 20 29 30 33 41 46 48
7 8 11 19 24 26 32 46
7 12 14 20 34 43 44 47
7 16 17 20 28 33 35 41
8 9 12 20 25 27 33 47
8 13 15 21 35 44 45 48
8 17 18 21 29 34 36 42
9 10 13 21 26 28 34 48
9 18 19 22 30 35 37 43
10 19 20 23 31 36 38 44
11 20 21 24 32 37 39 45
12 21 22 25 33 38 40 46
13 22 23 26 34 39 41 47
14 23 24 27 35 40 42 48
