1 2 9 12 26 29 44 48
1 4 19 23 24 25 32 35
1 5 6 7 14 17 31 34
1 8 11 25 28 43 47 48
1 15 18 33 37 38 39 46
1 16 20 21 22 29 32 46
2 3 4 11 14 28 31 46
2 5 19 22 37 41 42 43
2 5 20 24 25 26 33 36
2 6 7 8 15 18 32 35
2 16 19 34 38 39 40 47
2 17 21 22 23 30 33 47
3 4 5 12 15 29 32 47
3 6 20 23 38 42 43 44
3 6 21 25 26 27 34 37
3 7 8 9 16 19 33 36
3 17 20 35 39 40 41 48
3 18 22 23 24 31 34 48
4 5 6 13 16 30 33 48
4 7 21 24 39 43 44 45
4 7 22 26 27 28 35 38
4 8 9 10 17 20 34 37
5 8 22 25 40 44 45 46
5 8 23 27 28 29 36 39
5 9 10 11 18 21 35 38
6 9 23 26 41 45 46 47
6 9 24 28 29 30 37 40
6 10 11 12 19 22 36 39
7 10 24 27 42 46 47 48
7 10 25 29 30 31 38 41
7 11 12 13 20 23 37 40
8 11 26 30 31 32 39 42
8 12 13 14 21 24 38 41
9 12 27 31 32 33 40 43
9 13 14 15 22 25 39 42
10 13 28 32 33 34 41 44
10 14 15 16 23 26 40 43
11 14 29 33 34 35 42 45
11 15 16 17 24 27 41 44
12 15 30 34 35 36 43 46
12 16 17 18 25 28 42 45
13 16 31 35 36 37 44 47
13 17 18 19 26 29 43 46
14 17 32 36 37 38 45 48
14 18 19 20 27 30 44 47
15 19 20 21 28 31 45 48
