1 4 14 18 20 25 26 34
1 5 7 12 13 21 36 39
1 6 7 15 30 33 43 47
1 9 24 27 37 41 43 48
1 11 15 17 22 23 31 46
1 16 19 29 33 35 40 41
2 3 11 26 29 39 43 45
2 4 9 10 18 33 36 46
2 5 15 19 21 26 27 35
2 6 8 13 14 22 37 40
2 7 8 16 31 34 44 48
2 12 16 18 23 24 32 47
2 17 20 30 34 36 41 42
3 4 12 27 30 40 44 46
3 5 10 11 19 34 37 47
3 6 16 20 22 27 28 36
3 7 9 14 15 23 38 41
3 13 17 19 24 25 33 48
3 18 21 31 35 37 42 43
4 5 13 28 31 41 45 47
4 6 11 12 20 35 38 48
4 7 17 21 23 28 29 37
4 8 10 15 16 24 39 42
4 19 22 32 36 38 43 44
5 6 14 29 32 42 46 48
5 8 18 22 24 29 30 38
5 9 11 16 17 25 40 43
5 20 23 33 37 39 44 45
6 9 19 23 25 30 31 39
6 10 12 17 18 26 41 44
6 21 24 34 38 40 45 46
7 10 20 24 26 31 32 40
7 11 13 18 19 27 42 45
7 22 25 35 39 41 46 47
8 11 21 25 27 32 33 41
8 12 14 19 20 28 43 46
8 23 26 36 40 42 47 48
9 12 22 26 28 33 34 42
9 13 15 20 21 29 44 47
10 13 23 27 29 34 35 43
10 14 16 21 22 30 45 48
11 14 24 28 30 35 36 44
12 15 25 29 31 36 37 45
13 16 26 30 32 37 38 46
14 17 27 31 33 38 39 47
15 18 28 32 34 39 40 48
