1 2 5 9 20 26 36 48
1 5 16 22 32 44 45 46
1 7 17 29 30 31 34 38
1 11 23 24 25 28 32 43
1 12 18 28 40 41 42 45
1 13 14 15 18 22 33 39
2 3 4 7 11 22 28 38
2 6 17 23 33 45 46 47
2 8 18 30 31 32 35 39
2 12 24 25 26 29 33 44
2 13 19 29 41 42 43 46
2 14 15 16 19 23 34 40
3 4 5 8 12 23 29 39
3 7 18 24 34 46 47 48
3 9 19 31 32 33 36 40
3 13 25 26 27 30 34 45
3 14 20 30 42 43 44 47
3 15 16 17 20 24 35 41
4 5 6 9 13 24 30 40
4 10 20 32 33 34 37 41
4 14 26 27 28 31 35 46
4 15 21 31 43 44 45 48
4 16 17 18 21 25 36 42
5 6 7 10 14 25 31 41
5 11 21 33 34 35 38 42
5 15 27 28 29 32 36 47
5 17 18 19 22 26 37 43
6 7 8 11 15 26 32 42
6 12 22 34 35 36 39 43
6 16 28 29 30 33 37 48
6 18 19 20 23 27 38 44
7 8 9 12 16 27 33 43
7 13 23 35 36 37 40 44
7 19 20 21 24 28 39 45
8 9 10 13 17 28 34 44
8 14 24 36 37 38 41 45
8 20 21 22 25 29 40 46
9 10 11 14 18 29 35 45
9 15 25 37 38 39 42 46
9 21 22 23 26 30 41 47
10 11 12 15 19 30 36 46
10 16 26 38 39 40 43 47
10 22 23 24 27 31 42 48
11 12 13 16 20 31 37 47
11 17 27 39 40 41 44 48
12 13 14 17 21 32 38 48
