1 3 5 12 15 35 36 41
1 4 24 25 30 38 40 42
1 6 14 16 18 25 28 48
1 8 11 31 32 37 45 47
1 9 11 13 20 23 43 44
1 21 22 27 35 37 39 46
2 3 8 16 18 20 27 30
2 4 6 13 16 36 37 42
2 4 11 14 34 35 40 48
2 5 25 26 31 39 41 43
2 9 12 32 33 38 46 48
2 10 12 14 21 24 44 45
2 22 23 28 36 38 40 47
3 4 9 17 19 21 28 31
3 5 7 14 17 37 38 43
3 6 26 27 32 40 42 44
3 11 13 15 22 25 45 46
3 23 24 29 37 39 41 48
4 5 10 18 20 22 29 32
4 6 8 15 18 38 39 44
4 7 27 28 33 41 43 45
4 12 14 16 23 26 46 47
5 6 11 19 21 23 30 33
5 7 9 16 19 39 40 45
5 8 28 29 34 42 44 46
5 13 15 17 24 27 47 48
6 7 12 20 22 24 31 34
6 8 10 17 20 40 41 46
6 9 29 30 35 43 45 47
7 8 13 21 23 25 32 35
7 9 11 18 21 41 42 47
7 10 30 31 36 44 46 48
8 9 14 22 24 26 33 36
8 10 12 19 22 42 43 48
9 10 15 23 25 27 34 37
10 11 16 24 26 28 35 38
11 12 17 25 27 29 36 39
12 13 18 26 28 30 37 40
13 14 19 27 29 31 38 41
14 15 20 28 30 32 39 42
15 16 21 29 31 33 40 43
16 17 22 30 32 34 41 44
17 18 23 31 33 35 42 45
18 19 24 32 34 36 43 46
19 20 25 33 35 37 44 47
20 21 26 34 36 38 45 48
