1 3 10 27 31 35 45 46
1 5 9 19 20 23 25 32
1 5 15 16 19 21 28 45
1 8 25 29 33 43 44 47
1 11 12 15 17 24 41 45
1 18 22 26 36 37 40 42
2 3 6 8 15 32 36 40
2 4 11 28 32 36 46 47
2 6 10 20 21 24 26 33
2 6 16 17 20 22 29 46
2 9 26 30 34 44 45 48
2 12 13 16 18 25 42 46
2 19 23 27 37 38 41 43
3 4 7 9 16 33 37 41
3 5 12 29 33 37 47 48
3 7 11 21 22 25 27 34
3 7 17 18 21 23 30 47
3 13 14 17 19 26 43 47
3 20 24 28 38 39 42 44
4 5 8 10 17 34 38 42
4 8 12 22 23 26 28 35
4 8 18 19 22 24 31 48
4 14 15 18 20 27 44 48
4 21 25 29 39 40 43 45
5 6 9 11 18 35 39 43
5 9 13 23 24 27 29 36
5 22 26 30 40 41 44 46
6 7 10 12 19 36 40 44
6 10 14 24 25 28 30 37
6 23 27 31 41 42 45 47
7 8 11 13 20 37 41 45
7 11 15 25 26 29 31 38
7 24 28 32 42 43 46 48
8 9 12 14 21 38 42 46
8 12 16 26 27 30 32 39
9 10 13 15 22 39 43 47
9 13 17 27 28 31 33 40
10 11 14 16 23 40 44 48
10 14 18 28 29 32 34 41
11 15 19 29 30 33 35 42
12 16 20 30 31 34 36 43
13 17 21 31 32 35 37 44
14 18 22 32 33 36 38 45
15 19 23 33 34 37 39 46
16 20 24 34 35 38 40 47
17 21 25 35 36 39 41 48
