1 4 12 16 25 26 30 32
1 5 7 24 27 35 39 48
1 5 14 15 19 21 38 41
1 9 13 22 23 27 29 46
1 10 11 15 17 34 37 45
1 18 21 29 33 42 43 47
2 3 7 9 26 29 37 41
2 4 21 24 32 36 45 46
2 5 13 17 26 27 31 33
2 6 15 16 20 22 39 42
2 10 14 23 24 28 30 47
2 11 12 16 18 35 38 46
2 19 22 30 34 43 44 48
3 4 8 10 27 30 38 42
3 5 22 25 33 37 46 47
3 6 14 18 27 28 32 34
3 7 16 17 21 23 40 43
3 11 15 24 25 29 31 48
3 12 13 17 19 36 39 47
4 5 9 11 28 31 39 43
4 6 23 26 34 38 47 48
4 7 15 19 28 29 33 35
4 8 17 18 22 24 41 44
4 13 14 18 20 37 40 48
5 6 10 12 29 32 40 44
5 8 16 20 29 30 34 36
5 9 18 19 23 25 42 45
6 7 11 13 30 33 41 45
6 9 17 21 30 31 35 37
6 10 19 20 24 26 43 46
7 8 12 14 31 34 42 46
7 10 18 22 31 32 36 38
7 11 20 21 25 27 44 47
8 9 13 15 32 35 43 47
8 11 19 23 32 33 37 39
8 12 21 22 26 28 45 48
9 10 14 16 33 36 44 48
9 12 20 24 33 34 38 40
10 13 21 25 34 35 39 41
11 14 22 26 35 36 40 42
12 15 23 27 36 37 41 43
13 16 24 28 37 38 42 44
14 17 25 29 38 39 43 45
15 18 26 30 39 40 44 46
16 19 27 31 40 41 45 47
17 20 28 32 41 42 46 48
