1 3 12 13 15 19 36 41
1 5 22 27 35 37 46 47
1 6 14 16 25 26 28 32
1 9 11 20 21 23 27 44
1 10 11 13 17 34 39 47
1 18 23 31 33 42 43 45
2 3 5 9 26 31 39 41
2 4 13 14 16 20 37 42
2 6 23 28 36 38 47 48
2 7 15 17 26 27 29 33
2 10 12 21 22 24 28 45
2 11 12 14 18 35 40 48
2 19 24 32 34 43 44 46
3 4 6 10 27 32 40 42
3 5 14 15 17 21 38 43
3 8 16 18 27 28 30 34
3 11 13 22 23 25 29 46
3 20 25 33 35 44 45 47
4 5 7 11 28 33 41 43
4 6 15 16 18 22 39 44
4 9 17 19 28 29 31 35
4 12 14 23 24 26 30 47
4 21 26 34 36 45 46 48
5 6 8 12 29 34 42 44
5 7 16 17 19 23 40 45
5 10 18 20 29 30 32 36
5 13 15 24 25 27 31 48
6 7 9 13 30 35 43 45
6 8 17 18 20 24 41 46
6 11 19 21 30 31 33 37
7 8 10 14 31 36 44 46
7 9 18 19 21 25 42 47
7 12 20 22 31 32 34 38
8 9 11 15 32 37 45 47
8 10 19 20 22 26 43 48
8 13 21 23 32 33 35 39
9 10 12 16 33 38 46 48
9 14 22 24 33 34 36 40
10 15 23 25 34 35 37 41
11 16 24 26 35 36 38 42
12 17 25 27 36 37 39 43
13 18 26 28 37 38 40 44
14 19 27 29 38 39 41 45
15 20 28 30 39 40 42 46
16 21 29 31 40 41 43 47
17 22 30 32 41 42 44 48
