1 3 12 27 32 35 44 45
1 5 7 16 31 36 39 48
1 6 9 18 19 23 25 34
1 10 11 15 17 26 41 46
1 10 25 30 33 42 43 47
1 16 21 24 33 34 38 40
2 3 7 9 18 33 38 41
2 4 13 28 33 36 45 46
2 5 14 15 19 21 30 45
2 7 10 19 20 24 26 35
2 11 12 16 18 27 42 47
2 11 26 31 34 43 44 48
2 17 22 25 34 35 39 41
3 4 8 10 19 34 39 42
3 5 14 29 34 37 46 47
3 6 15 16 20 22 31 46
3 8 11 20 21 25 27 36
3 12 13 17 19 28 43 48
3 18 23 26 35 36 40 42
4 5 9 11 20 35 40 43
4 6 15 30 35 38 47 48
4 7 16 17 21 23 32 47
4 9 12 21 22 26 28 37
4 19 24 27 36 37 41 43
5 6 10 12 21 36 41 44
5 8 17 18 22 24 33 48
5 10 13 22 23 27 29 38
5 20 25 28 37 38 42 44
6 7 11 13 22 37 42 45
6 11 14 23 24 28 30 39
6 21 26 29 38 39 43 45
7 8 12 14 23 38 43 46
7 12 15 24 25 29 31 40
7 22 27 30 39 40 44 46
8 9 13 15 24 39 44 47
8 13 16 25 26 30 32 41
8 23 28 31 40 41 45 47
9 10 14 16 25 40 45 48
9 14 17 26 27 31 33 42
9 24 29 32 41 42 46 48
10 15 18 27 28 32 34 43
11 16 19 28 29 33 35 44
12 17 20 29 30 34 36 45
13 18 21 30 31 35 37 46
14 19 22 31 32 36 38 47
15 20 23 32 33 37 39 48
