1 3 4 17 28 33 43 45
1 5 7 8 21 32 37 47
1 6 16 18 22 24 25 38
1 11 13 17 19 20 33 44
1 12 17 27 29 33 35 36
1 14 25 30 40 42 46 48
2 3 16 27 32 42 44 48
2 4 5 18 29 34 44 46
2 4 8 10 11 24 35 40
2 6 8 9 22 33 38 48
2 7 17 19 23 25 26 39
2 12 14 18 20 21 34 45
2 13 18 28 30 34 36 37
3 5 6 19 30 35 45 47
3 5 9 11 12 25 36 41
3 8 18 20 24 26 27 40
3 13 15 19 21 22 35 46
3 14 19 29 31 35 37 38
4 6 7 20 31 36 46 48
4 6 10 12 13 26 37 42
4 9 19 21 25 27 28 41
4 14 16 20 22 23 36 47
4 15 20 30 32 36 38 39
5 7 11 13 14 27 38 43
5 10 20 22 26 28 29 42
5 15 17 21 23 24 37 48
5 16 21 31 33 37 39 40
6 8 12 14 15 28 39 44
6 11 21 23 27 29 30 43
6 17 22 32 34 38 40 41
7 9 13 15 16 29 40 45
7 12 22 24 28 30 31 44
7 18 23 33 35 39 41 42
8 10 14 16 17 30 41 46
8 13 23 25 29 31 32 45
8 19 24 34 36 40 42 43
9 11 15 17 18 31 42 47
9 14 24 26 30 32 33 46
9 20 25 35 37 41 43 44
10 12 16 18 19 32 43 48
10 15 25 27 31 33 34 47
10 21 26 36 38 42 44 45
11 16 26 28 32 34 35 48
11 22 27 37 39 43 45 46
12 23 28 38 40 44 46 47
13 24 29 39 41 45 47 48
