1 4 5 15 19 21 40 45
1 5 7 26 31 35 38 39
1 5 8 9 19 23 25 44
1 6 10 13 14 24 28 30
1 11 15 17 36 41 45 48
1 20 25 29 32 33 43 47
2 3 13 17 19 38 43 47
2 4 23 28 32 35 36 46
2 5 6 16 20 22 41 46
2 6 8 27 32 36 39 40
2 6 9 10 20 24 26 45
2 7 11 14 15 25 29 31
2 21 26 30 33 34 44 48
3 4 14 18 20 39 44 48
3 5 24 29 33 36 37 47
3 6 7 17 21 23 42 47
3 7 9 28 33 37 40 41
3 7 10 11 21 25 27 46
3 8 12 15 16 26 30 32
4 6 25 30 34 37 38 48
4 7 8 18 22 24 43 48
4 8 10 29 34 38 41 42
4 8 11 12 22 26 28 47
4 9 13 16 17 27 31 33
5 9 11 30 35 39 42 43
5 9 12 13 23 27 29 48
5 10 14 17 18 28 32 34
6 10 12 31 36 40 43 44
6 11 15 18 19 29 33 35
7 11 13 32 37 41 44 45
7 12 16 19 20 30 34 36
8 12 14 33 38 42 45 46
8 13 17 20 21 31 35 37
9 13 15 34 39 43 46 47
9 14 18 21 22 32 36 38
10 14 16 35 40 44 47 48
10 15 19 22 23 33 37 39
11 16 20 23 24 34 38 40
12 17 21 24 25 35 39 41
13 18 22 25 26 36 40 42
14 19 23 26 27 37 41 43
15 20 24 27 28 38 42 44
16 21 25 28 29 39 43 45
17 22 26 29 30 40 44 46
18 23 27 30 31 41 45 47
19 24 28 31 32 42 46 48
