1 4 15 23 25 39 40 45
1 5 8 19 27 29 43 44
1 6 10 13 24 32 34 48
1 9 11 25 26 31 35 38
1 12 20 22 36 37 42 46
1 15 16 21 25 28 39 47
2 3 8 12 15 26 34 36
2 4 18 19 24 28 31 42
2 5 16 24 26 40 41 46
2 6 9 20 28 30 44 45
2 10 12 26 27 32 36 39
2 13 21 23 37 38 43 47
2 16 17 22 26 29 40 48
3 4 9 13 16 27 35 37
3 5 19 20 25 29 32 43
3 6 17 25 27 41 42 47
3 7 10 21 29 31 45 46
3 11 13 27 28 33 37 40
3 14 22 24 38 39 44 48
4 5 10 14 17 28 36 38
4 6 20 21 26 30 33 44
4 7 18 26 28 42 43 48
4 8 11 22 30 32 46 47
4 12 14 28 29 34 38 41
5 6 11 15 18 29 37 39
5 7 21 22 27 31 34 45
5 9 12 23 31 33 47 48
5 13 15 29 30 35 39 42
6 7 12 16 19 30 38 40
6 8 22 23 28 32 35 46
6 14 16 30 31 36 40 43
7 8 13 17 20 31 39 41
7 9 23 24 29 33 36 47
7 15 17 31 32 37 41 44
8 9 14 18 21 32 40 42
8 10 24 25 30 34 37 48
8 16 18 32 33 38 42 45
9 10 15 19 22 33 41 43
9 17 19 33 34 39 43 46
10 11 16 20 23 34 42 44
10 18 20 34 35 40 44 47
11 12 17 21 24 35 43 45
11 19 21 35 36 41 45 48
12 13 18 22 25 36 44 46
13 14 19 23 26 37 45 47
14 15 20 24 27 38 46 48
