1 4 8 17 22 37 46 48
1 5 14 19 34 43 45 46
1 6 21 30 32 33 36 40
1 10 12 13 16 20 29 34
1 10 15 30 39 41 42 45
1 16 25 27 28 31 35 44
2 3 6 10 19 24 39 48
2 4 5 8 12 21 26 41
2 6 15 20 35 44 46 47
2 7 22 31 33 34 37 41
2 11 13 14 17 21 30 35
2 11 16 31 40 42 43 46
2 17 26 28 29 32 36 45
3 5 6 9 13 22 27 42
3 7 16 21 36 45 47 48
3 8 23 32 34 35 38 42
3 12 14 15 18 22 31 36
3 12 17 32 41 43 44 47
3 18 27 29 30 33 37 46
4 6 7 10 14 23 28 43
4 9 24 33 35 36 39 43
4 13 15 16 19 23 32 37
4 13 18 33 42 44 45 48
4 19 28 30 31 34 38 47
5 7 8 11 15 24 29 44
5 10 25 34 36 37 40 44
5 14 16 17 20 24 33 38
5 20 29 31 32 35 39 48
6 8 9 12 16 25 30 45
6 11 26 35 37 38 41 45
6 15 17 18 21 25 34 39
7 9 10 13 17 26 31 46
7 12 27 36 38 39 42 46
7 16 18 19 22 26 35 40
8 10 11 14 18 27 32 47
8 13 28 37 39 40 43 47
8 17 19 20 23 27 36 41
9 11 12 15 19 28 33 48
9 14 29 38 40 41 44 48
9 18 20 21 24 28 37 42
10 19 21 22 25 29 38 43
11 20 22 23 26 30 39 44
12 21 23 24 27 31 40 45
13 22 24 25 28 32 41 46
14 23 25 26 29 33 42 47
15 24 26 27 30 34 43 48
