1 5 10 16 22 39 40 42
1 6 12 18 35 36 38 45
1 7 13 30 31 33 40 44
1 7 24 25 27 34 38 43
1 8 12 17 23 29 46 47
1 18 19 21 28 32 37 43
2 3 5 12 16 21 27 33
2 6 11 17 23 40 41 43
2 7 13 19 36 37 39 46
2 8 14 31 32 34 41 45
2 8 25 26 28 35 39 44
2 9 13 18 24 30 47 48
2 19 20 22 29 33 38 44
3 4 6 13 17 22 28 34
3 7 12 18 24 41 42 44
3 8 14 20 37 38 40 47
3 9 15 32 33 35 42 46
3 9 26 27 29 36 40 45
3 20 21 23 30 34 39 45
4 5 7 14 18 23 29 35
4 8 13 19 25 42 43 45
4 9 15 21 38 39 41 48
4 10 16 33 34 36 43 47
4 10 27 28 30 37 41 46
4 21 22 24 31 35 40 46
5 6 8 15 19 24 30 36
5 9 14 20 26 43 44 46
5 11 17 34 35 37 44 48
5 11 28 29 31 38 42 47
5 22 23 25 32 36 41 47
6 7 9 16 20 25 31 37
6 10 15 21 27 44 45 47
6 12 29 30 32 39 43 48
6 23 24 26 33 37 42 48
7 8 10 17 21 26 32 38
7 11 16 22 28 45 46 48
8 9 11 18 22 27 33 39
9 10 12 19 23 28 34 40
10 11 13 20 24 29 35 41
11 12 14 21 25 30 36 42
12 13 15 22 26 31 37 43
13 14 16 23 27 32 38 44
14 15 17 24 28 33 39 45
15 16 18 25 29 34 40 46
16 17 19 26 30 35 41 47
17 18 20 27 31 36 42 48
